21,44
2,5,6,7,10,11,13,14,15,17,18,19,20,23,24,28,33,34,35,38,39,41,43,44,45,47,48,49,50,51,54,55
1,4,8,10,17,19,21,24,27,31,32,38,39,41,43,45,47,49,52,54
4,5,7,8,9,10,11,12,13,14,15,16,17,18,19,20,21,22,23,24,25,27,29,31,32,34,35,36,37,38,39,40,42,43,44,45,46,47,49,50,51,52,53,54,55,56
2,3,6,13,14,15,17,18,20,21,22,23,25,27,31,32,34,35,39,40,41,42,48,50,52,53,54,55
1,3,18,29,39,49
1,4,7,8,9,13,14,16,17,21,24,26,27,30,31,32,33,35,36,40,42,43,44,46,47,49,54,56
1,3,6,8,10,11,14,16,17,19,20,21,22,23,27,28,32,34,35,37,38,39,40,41,43,46,47,49,50,51,52,53,54,56
2,3,6,7,9,18,23,27,28,29,37,50
3,6,8,40,53,54
1,2,3,7,11,12,26,29,32,43,46,50,52,56
1,3,7,10,13,21,22,23,24,26,30,31,32,35,36,37,38,41,45,46,47,48,49,51,52,53
3,10,16,19,21,22,24,27,29,32,35,41,46,50,51,55
1,3,4,6,11,14,15,17,18,20,22,23,24,25,26,27,28,29,30,32,33,35,39,40,41,43,44,45,46,47,48,49,51,52,53,56
1,3,4,6,7,13,15,16,17,18,19,20,21,22,23,24,25,26,27,28,29,30,31,32,33,34,35,36,37,38,39,40,41,42,43,44,45,46,47,48,49,50,51,52,53,54,55,56
1,3,4,13,14,19,21,31,33,40,41,43,51,52
3,6,7,12,14,17,19,20,22,25,30,31,34,35,36,37,38,39,41,43,44,50,52,55
1,2,3,4,6,7,13,14,16,18,19,20,22,24,26,27,28,29,30,31,32,33,34,35,36,37,38,39,40,41,42,43,44,45,46,47,48,49,51,52,53,54,55,56
1,3,4,5,8,13,14,17,19,20,21,22,23,24,25,26,27,28,29,30,31,32,33,34,35,36,37,38,39,40,41,42,43,44,45,46,47,48,49,51,52,53,54,55
1,2,3,7,12,14,15,16,17,18,20,21,22,23,25,27,28,29,30,31,32,33,34,35,37,38,39,40,41,42,43,44,45,46,47,48,49,50,51,52,53,54,55,56
1,3,4,7,13,14,16,17,18,19,24,26,27,29,32,36,39,43
0,2,3,4,6,7,11,12,14,15,18,19,22,23,24,27,29,30,32,34,35,36,38,40,42,43,44,45,46,47,48,50,51,54,55,56
3,4,7,11,12,13,14,16,17,18,19,21,23,26,29,32,33,34,37,38,41,42,44,45,46,47,48,49,51,52,53,54
1,3,4,7,8,11,13,14,18,19,21,22,31,48
1,2,3,6,11,12,13,14,17,18,20,21,27,28,29,30,31,32,33,34,35,36,37,38,39,40,41,42,43,44,45,46,47,48,50,52,53,54,55,56
3,4,13,14,16,18,19,26,27,29,31,32,33,34,36,37,38,39,41,42,45,46,47,48,49,51,53,54,55,56
6,10,11,13,14,17,18,20,22,25,27,28,30,31,32,33,34,35,38,40,41,42,43,44,45,47,50,52,55,56
2,3,4,6,7,8,12,13,14,17,18,19,20,21,24,25,26,28,29,30,31,32,33,34,35,36,37,38,39,40,41,42,43,44,45,46,47,48,49,50,52,53,55,56
1,7,8,13,14,17,18,19,24,26,27,32,36,43,46,53
3,5,8,10,12,13,14,17,18,19,20,21,22,24,25,27,32,33,34,35,36,37,38,41,42,43,45,46,47,48,49,50,51,52,53,54,55,56
6,11,13,14,16,17,18,19,21,24,26,27,31,32,34,35,37,38,41,42,44,46,48,50,54,56
2,3,4,6,11,14,15,16,17,18,19,23,24,25,26,27,30,35
2,3,4,6,7,10,11,12,13,14,17,18,19,20,21,22,24,25,26,27,28,29,30,35,38,43,46,53
1,6,13,14,15,17,18,19,22,24,25,26,27,29,34,35,37,39,40,45,46,47,51,54
1,3,4,7,14,16,17,18,19,21,22,24,25,26,27,29,30,33,41,45,52,55
1,3,4,6,7,11,12,13,14,16,17,18,19,21,24,26,27,29,30,31,32,33,44,46
3,6,11,14,16,17,18,20,21,24,25,27,28,29,37,39,42,53
3,7,8,11,14,16,17,18,19,22,24,25,27,29,30,33,36,42,44,46,50,51,54,55
1,2,3,7,11,14,16,17,18,19,21,22,24,25,26,27,29,30,32,39,42,43,45,49,51,52,53,54,55,56
1,2,3,4,5,7,13,14,16,17,18,19,20,24,25,27,33,36,38,40,42,43,44,45,46,47,49,51,52,53,55,56
3,4,6,7,9,13,14,15,17,18,19,21,24,26,27,33,39,41,42,44,49,51,52,53
1,2,4,7,11,12,13,14,15,16,17,18,19,22,24,25,26,27,29,30,34,40,42,43,45,46,47,51,52,55
3,4,6,14,17,18,19,21,22,24,25,26,27,29,30,36,37,38,39,40,41,56
1,2,3,6,7,10,13,14,15,16,17,18,19,20,21,24,26,27,28,29,32,38,39,41,44,45,46,47,49,50,52,53,55,56
0,1,3,6,13,14,16,17,18,19,21,22,24,26,27,30,35,37,39,40,43,45,47,49,50,51,52,53,54,56
1,2,3,11,13,14,17,18,19,21,22,24,25,26,27,29,33,34,38,39,41,43,44,47,48,49,50,51,54,56
3,6,7,10,11,12,13,14,17,18,19,21,22,24,25,27,28,29,30,32,33,35,37,39,41,43,47,49,50,52,55,56
1,2,3,6,7,11,13,14,17,18,19,21,22,24,25,26,27,29,33,39,41,43,44,45,46,48,49,50,52,54,55,56
1,4,11,13,14,17,18,19,21,22,23,24,25,27,29,30,45,47,50,51,52,54,55,56
1,2,3,5,6,7,11,13,14,17,18,19,22,25,27,29,38,39,40,43,44,45,46,47,51,52,53,56
1,3,4,7,8,10,12,14,16,19,21,24,26,27,29,30,37,43,44,45,46,47,48,52,53,55
1,3,7,11,12,13,14,15,17,18,19,21,22,25,29,33,37,38,39,40,41,44,45,48,49,53,54,55
2,3,4,7,10,11,13,14,15,16,17,18,19,22,24,26,27,29,34,38,39,40,41,43,44,46,47,48,49,50,53,54
3,4,7,9,11,13,14,17,18,19,22,24,25,27,28,29,32,36,38,39,40,43,44,49,50,51,52,56
1,2,3,4,6,7,9,14,17,18,19,21,22,24,25,29,30,33,37,38,44,45,47,48,51,52,55,56
1,3,4,12,14,16,17,18,19,21,24,25,26,27,29,34,37,38,39,41,43,46,47,48,50,51,54,56
3,6,7,10,13,14,17,19,21,24,25,26,27,29,30,38,39,42,43,44,45,46,47,48,49,53,54,55
