6,17,20,23,25,28
4,5,7,8,9,16,17,22
3,5,7,8,10,18,19,20,21,24,27,28
2,5,6,7,9,10,14,16,17,19,21,28
1,8,13,15,19,21,22,26
1,2,3,6,7,8,13,16,17,18,19,20,21,23,24,26
0,3,5,7,9,11,13,17,21,23
1,2,3,5,6,8,9,10,11,12,13,14,16,17,18,19,22,23,24,25,26,28
1,2,4,5,7,9,11,13,14,15,16,18,24,25
1,3,6,7,8,10,13,14,15,17,21,22,23,24,25,28
2,3,7,9,12,14,15,16,18,19,20,21,22,23,24,25,26,28
6,7,8,12,13,14,15,16,17,18,19,20,21,22,23,24,25,28
7,10,11,13,14,16,23,28
4,5,6,7,8,9,11,12,14,16,17,19,21,22,24,26,27,28
3,7,8,9,10,11,12,13,16,22,24,26
4,8,9,10,11,17,18,20,21,22,24,25
1,3,5,7,8,10,11,12,13,14,17,19,20,21,23,24,25,26
0,1,3,5,6,7,9,11,13,15,16,20,24,25,26,28
2,5,7,8,10,11,15,19
2,3,4,5,7,10,11,13,16,18,20,21,26,27
0,2,5,10,11,15,16,17,19,27
2,3,4,5,6,9,10,11,13,15,16,19,22,23,24,25,26,28
1,4,7,9,10,11,13,14,15,21,23,24,25,26,27,28
0,5,6,7,9,10,11,12,16,21,22,28
2,5,7,8,9,10,11,13,14,15,16,17,21,22,26,27
0,7,8,9,10,11,15,16,17,21,22,28
4,5,7,10,13,14,16,17,19,21,22,24,27,28
2,13,19,20,22,24,26,28
0,2,3,7,9,10,11,12,13,17,21,22,23,25,26,27
