10,11,13,21,22,23,26,30,33,45,48,51,52,58
32,47,48,50
10,28,30,32,39,42,44,51,55,57,58,59,61,62
8,10,18,22,23,28,29,35,37,40,42,43,44,45,47,50,54,56,58,59,60,62
5,6,7,10,11,13,14,15,16,19,20,22,24,25,26,27,29,30,32,33,34,36,37,38,40,43,45,46,49,51,53,54,56,57,59,60,61,62
4,22,39,45
4,8,13,14,16,20,21,24,25,26,27,28,29,30,31,32,34,36,37,38,39,41,42,46,48,51,52,53,54,55,59,61
4,20,23,25,49,62
3,6,13,23,29,33,34,40
10,11,12,13,14,15,17,18,22,23,25,28,32,33,34,36,37,41,42,43,45,47,49,50,51,52,53,54,57,62
0,2,3,4,9,11,12,13,14,15,16,18,19,20,21,23,25,26,27,29,30,33,35,36,37,38,40,41,42,43,44,45,46,47,48,49,50,51,53,57,58,59,60,61
0,4,9,10,16,30,38,39,42,43,46,47,50,51,56,58,59,60
9,10,58,61
0,4,6,8,9,10,14,16,17,18,19,22,23,24,27,28,29,33,37,39,42,43,47,48,50,51,53,54,58,60
4,6,9,10,13,15,22,23,24,26,31,32,33,34,35,36,39,40,41,43,47,49,54,56,61,62
4,9,10,14,16,17,20,21,22,23,24,25,26,27,30,31,32,35,39,40,41,42,43,47,48,49,52,53,54,55,56,61
4,6,10,11,13,15,20,25,27,33,40,55
9,13,15,18,19,20,24,25,27,28,29,30,32,37,38,42,43,44,45,46,49,52,53,54,56,61
3,9,10,13,17,19,21,26,27,28,29,33,36,37,43,46,49,51,57,58
4,10,13,17,18,24,28,34,38,46,52,58
4,6,7,10,15,16,17,21,23,26,32,54,57,62
0,6,10,15,18,20,22,23,25,26,27,28,29,30,31,32,33,34,36,37,38,39,40,41,43,45,47,48,49,51,52,53,54,55,56,58,59,60,61,62
0,3,4,5,9,13,14,15,21,23,24,25,26,27,28,29,30,31,32,33,35,36,37,38,40,41,42,43,44,45,46,47,49,50,51,52,53,54,56,57,58,59,60,61
0,3,7,8,9,10,13,14,15,20,21,22,24,25,26,27,28,29,30,31,32,33,34,35,36,37,38,39,40,41,42,43,44,45,46,47,49,50,51,52,53,54,55,56,57,58,59,60,61,62
4,6,13,14,15,17,19,22,23,25,26,28,29,30,32,33,34,36,37,38,40,41,42,43,44,46,47,48,49,50,51,52,53,54,55,56,57,58,59,60,61,62
4,6,7,9,10,15,16,17,21,22,23,24,27,28,29,30,31,32,33,35,36,37,38,39,49,51,52,54,55,56,59,60,61,62
0,4,6,10,14,15,18,20,21,22,23,24,28,29,30,31,32,33,35,40,44,46,54,57,59,62
4,6,10,13,15,16,17,18,21,22,23,25,29,30,31,32,41,44,45,48,49,50,52,54,58,60,61,62
2,3,6,9,13,17,18,19,21,22,23,24,25,26,30,32,38,39,40,41,42,48,49,52,57,61
3,4,6,8,10,13,17,18,21,22,23,24,25,26,27,31,36,39,41,49,56,62
0,2,4,6,10,11,15,17,21,22,23,24,25,26,27,28,31,32,33,34,35,36,39,42,43,45,46,48,50,52,53,54,56,57,58,59,61,62
6,14,15,21,22,23,25,26,27,29,30,32,33,34,37,38,40,45,47,53,54,57,58,59,60,61
1,2,4,6,9,14,15,17,20,21,22,23,24,25,26,27,28,30,31,35,37,40,41,43,45,46,51,53,58,59,60,61
0,4,8,9,10,13,14,16,18,21,22,23,24,25,26,30,31,37,39,40,46,50,51,59,60,61
4,6,8,9,14,19,21,23,24,30,31,36,39,42,47,51,53,55,56,58
3,10,14,15,22,23,25,26,30,32,36,37,38,39,40,41,42,43,44,45,46,47,48,49,51,52,53,54,55,56,57,58,59,60,61,62
4,6,9,10,14,18,21,22,23,24,25,29,30,34,35,37,38,41,42,43,45,48,49,51,53,55,56,57,60,62
3,4,6,9,10,13,17,18,21,22,23,24,25,31,32,33,35,36,38,39,41,42,43,47,49,50,52,54,55,58,59,60
4,6,10,11,17,19,21,22,23,24,25,28,31,35,36,37,40,61
2,5,6,11,13,14,15,21,23,25,28,29,30,33,34,35,37,40,41,43,46,48,50,54,56,62
3,4,8,10,14,15,16,21,22,23,24,26,28,31,32,33,35,38,39,42,43,44,50,54,55,56,57,60,61,62
6,9,10,14,15,21,22,23,24,27,28,29,32,35,36,37,39,42,43,44,45,46,47,48,50,51,52,53,54,55,56,57,58,59,61,62
2,3,6,9,10,11,13,15,17,22,23,24,28,30,34,35,36,37,40,41,47,48,49,51,53,54,56,62
3,4,9,10,11,13,14,15,17,18,21,22,23,24,30,32,35,36,37,39,40,41,44,45,47,48,49,50,51,52,53,55,56,57,59,60,61,62
2,3,10,17,22,23,24,26,27,35,40,41,43,46,47,62
0,3,4,5,9,10,17,21,22,23,27,30,31,32,35,36,41,43,51,54,56,60
4,6,10,11,17,18,19,22,23,24,26,30,32,33,35,39,41,44,49,53,55,62
1,3,9,10,11,13,14,15,21,22,23,24,31,34,35,37,41,42,43,44,48,49,50,51,52,53,54,55,57,59,60,61
0,1,6,10,13,15,21,24,27,28,30,35,36,39,41,42,43,47,53,54,57,62
4,7,9,10,14,15,17,18,21,22,23,24,25,27,28,29,35,36,37,42,43,46,47,50,51,53,54,55,56,57,58,59,60,61
1,3,9,10,11,13,22,23,24,27,30,33,37,39,40,41,43,47,49,53,56,59
0,2,4,6,9,10,11,13,18,21,22,23,24,25,32,33,34,35,36,41,42,43,45,47,49,52,55,57
0,6,9,15,17,19,21,22,23,24,25,27,28,30,35,37,41,43,47,51,53,54,56,58,59,60
4,6,9,10,13,15,17,21,22,23,24,30,31,32,34,35,36,41,42,43,46,47,48,49,50,52,57,59,60,61
3,4,6,9,13,14,15,17,20,21,22,23,24,25,26,27,30,31,35,37,39,40,41,42,45,47,48,49,52,57,58,59
2,6,15,16,21,23,24,25,34,35,36,37,40,41,43,46,47,49,51,60
3,4,11,14,15,17,21,22,23,24,25,29,30,34,35,36,39,40,41,42,43,45,49,50,52,57,58,60
2,4,9,10,18,20,22,23,24,26,28,30,31,35,36,40,41,43,47,48,49,51,53,54,56,62
0,2,3,10,11,12,13,18,19,21,22,23,24,27,30,31,32,34,35,37,41,49,52,54,56,59,60,61
2,3,4,6,10,11,21,22,23,24,25,26,30,31,32,33,35,37,41,43,47,49,50,52,53,54,58,61
3,4,10,11,13,21,22,23,24,25,27,31,32,33,35,36,37,40,43,45,47,49,52,53,55,56,58,61
2,4,6,10,12,14,15,17,21,22,23,24,25,27,28,30,31,32,33,35,38,40,41,43,47,49,53,58,59,60
2,3,4,7,9,14,20,21,23,24,25,26,27,29,30,35,36,39,40,41,42,43,44,46,48,57
