1,2,4,6,8,9,10,12,15,16,18,22,23,24,25,26,27,28,29,31,32,33,34,35,36,37,38,39,40,41,43,44,45,46,47,48,50,51
0,3,6,8,11,12,13,14,15,16,17,18,19,21,22,23,24,25,26,30,31,35,36,37,38,39,41,43,46,47,48,50
0,3,6,8,10,11,12,13,14,15,16,17,18,20,21,22,23,24,25,26,27,28,29,31,32,33,35,36,37,38,39,40,41,42,43,44,45,46,47,48,50,51
1,2,9,10,18,21,23,24,25,27,29,30,31,34,37,38,40,41,43,45,47,51
0,5,9,10,16,20,21,25,27,31,48,49,50,51
4,42
0,1,2,13,14,16,25,28,35,36,42,51
8,10,12,13,14,15,16,18,19,20,21,22,26,28,29,32,33,35,41,43,45,47,49,50
0,1,2,7,17,22,31,48
0,3,4,19,33,37,41,51
0,2,3,4,7,12,13,14,15,16,17,18,19,20,21,22,24,25,26,27,30,31,32,33,34,35,36,37,38,39,40,41,43,45,46,47,48,49,50,51
1,2,12,13,18,19,21,25,26,29,32,33,34,35,36,40,42,50
0,1,2,7,10,11,13,14,15,16,17,18,19,20,22,23,24,25,26,30,31,32,33,34,36,37,38,39,40,41,42,44,45,47,48,49,50,51
1,2,6,7,10,11,12,15,16,17,18,19,20,21,24,25,26,27,28,29,30,31,33,34,35,36,37,39,41,42,43,44,45,46,47,48,50,51
1,2,6,7,10,12,15,16,21,23,24,25,26,27,28,29,33,34,41,43,44,47,49,50
0,1,2,7,10,12,13,14,19,20,21,23,24,26,28,31,32,33,34,37,38,39,40,41,42,43,44,45,48,49,50,51
0,1,2,4,6,7,10,12,13,14,18,22,24,26,28,30,39,40,42,44,47,50
1,2,8,10,12,13,18,19,20,21,22,23,27,28,29,31,32,33,34,37,38,39,41,42,43,44,46,47,48,49,50,51
0,1,2,3,7,10,11,12,13,16,17,19,21,23,24,25,27,29,31,32,33,34,35,36,37,38,39,40,41,43,44,45,46,47,48,49,50,51
1,7,9,10,11,12,13,15,17,18,20,21,22,23,24,25,26,27,28,29,30,33,34,35,36,37,38,39,40,41,42,43,44,45,47,48,50,51
2,4,7,10,12,13,15,17,19,21,22,23,25,26,27,28,30,31,32,33,34,35,36,37,38,39,40,43,44,45,46,47,48,49,50,51
1,2,3,4,7,10,11,13,14,15,17,18,19,20,23,24,25,26,30,32,36,38,45,46,47,49
0,1,2,7,8,10,12,16,17,19,20,24,25,26,27,28,30,31,32,33,34,35,36,37,38,39,40,41,42,44,45,46,47,48,50,51
0,1,2,3,12,14,15,17,18,19,20,21,25,26,28,31,33,36,37,38,42,43,44,45,46,47,48,49
0,1,2,3,10,12,13,14,15,16,18,19,21,22,25,26,27,28,29,30,32,33,34,35,38,39,40,41,42,43,44,45,46,47,48,49,50,51
0,1,2,3,4,6,10,11,12,13,14,18,19,20,21,22,23,24,29,41
0,1,2,7,10,11,12,13,14,15,16,19,20,21,22,23,24,27,28,29,31,33,35,36,37,40,41,42,43,44,45,47,48,50
0,2,3,4,10,13,14,17,18,19,20,22,24,26,28,29,30,31,32,33,34,35,36,37,38,39,40,41,42,43,44,45,46,47,48,49,50,51
0,2,6,7,13,14,15,16,17,19,20,22,23,24,26,27,29,31,32,33,34,37,38,40,43,45,46,48
0,2,3,7,11,13,14,17,18,19,24,25,26,27,28,39
1,3,10,12,13,16,19,20,21,22,24,27,31,32,36,37,45,48,50,51
0,1,2,3,4,8,10,12,13,15,17,18,20,22,23,26,27,28,30,33,34,35,36,37,38,39,40,41,42,44,46,47,49,51
0,2,7,10,11,12,15,17,18,20,21,22,24,27,28,30,36,38,41,43,46,48
0,2,7,9,10,11,12,13,14,15,17,18,19,20,22,23,24,26,27,28,31,34,35,36,37,38,40,41,42,44,45,46,47,48
0,3,10,11,12,13,14,15,17,18,19,20,22,24,27,28,31,33,36,39,44,48,49,50
0,1,2,6,7,10,11,13,18,19,20,22,24,26,27,31,33,36,37,38,43,45,46,47,49,51
0,1,2,6,10,11,12,13,18,19,20,21,22,23,26,27,30,31,32,33,34,35,37,38,39,40,41,42,43,44,45,46,47,49,50,51
0,1,2,3,9,10,12,13,15,17,18,19,20,22,23,26,27,28,30,31,33,35,36,38,39,43,44,47,49,51
0,1,2,3,10,12,15,17,18,19,20,21,22,23,24,27,28,31,32,33,35,36,37,39,41,42,44,45,47,49
0,1,2,10,12,13,15,16,17,18,19,20,22,24,27,29,31,34,36,37,38,43
0,2,3,10,11,12,15,16,18,19,20,22,24,26,27,28,31,33,36,41,42,43,44,45,46,48,49,50
0,1,2,3,7,9,10,12,13,14,15,17,18,19,22,24,25,26,27,31,32,33,36,38,40,45
2,5,6,11,12,13,15,16,17,19,22,23,24,26,27,31,33,36,38,40,46,51
0,1,2,3,7,10,13,14,15,17,18,19,20,23,24,26,27,28,32,35,36,37,39,40,44,47,49,51
0,2,12,13,14,15,16,17,18,19,20,22,23,24,26,27,31,33,34,36,37,38,40,43,47,49
0,2,3,7,10,12,13,15,18,19,20,21,22,23,24,26,27,28,30,33,35,36,38,40,41,48
0,1,2,10,13,17,18,20,21,22,23,24,27,28,31,32,33,35,36,40,42,47,50,51
0,1,2,3,7,10,12,13,14,16,17,18,19,20,21,22,23,24,26,27,31,33,35,36,37,38,43,44,46,48,49,51
0,1,2,4,8,10,12,13,15,17,18,19,20,22,23,24,26,27,28,30,32,33,34,40,45,47,49,51
4,7,10,12,14,15,17,18,20,21,23,24,27,31,34,35,36,37,38,40,43,44,47,48,50,51
0,1,2,4,7,10,11,12,13,14,15,16,17,18,19,20,22,24,26,27,30,34,36,40,46,49
0,2,3,4,6,9,10,12,13,15,17,18,19,20,22,24,27,30,31,35,36,37,42,43,46,47,48,49
