1,2,3,4,5,7,9,11,13,14,16,18,19,20,21,22,23,24,25,26,27,28,29,30
0,2,4,6,7,15,16,20,21,25,26,29
0,1,3,14,22,30
0,2,7,10,12,13,14,15,18,20,21,23,26,27,28,29
0,1,16,22
0,11,18,25
1,13,14,18,27,29
0,1,3,10,11,14,18,19,28,30
9,10,13,15,18,19,20,23,27,29
0,8,12,14,15,16,21,22,24,25,26,27,28,29
3,7,8,12,16,19,20,24,28,29
0,5,7,14,15,17,18,19,21,27,28,29
3,9,10,13,14,15,16,17,19,21,22,23,24,25,26,28,29,30
0,3,6,8,12,14,16,17,18,19,21,22,25,26,27,28,29,30
0,2,3,6,7,9,11,12,13,17,18,24,25,26
1,3,8,9,11,12,17,18,22,23,25,27,28,30
0,1,4,9,10,12,13,17,22,23,24,26,27,28,29,30
11,12,13,14,15,16,18,20,21,25,27,30
0,3,5,6,7,8,11,13,14,15,17,19,21,23,25,26,27,28,29,30
0,7,8,10,11,12,13,18,20,21,22,23,24,25,26,27
0,1,3,8,10,17,19,21,22,25,27,28,29,30
0,1,3,9,11,12,13,17,18,19,20,24,25,29
0,2,4,9,12,13,15,16,19,20,23,27,28,29
0,3,8,12,15,16,18,19,22,24,25,26,27,28
0,9,10,12,14,16,19,21,23,25,27,30
0,1,5,9,12,13,14,15,17,18,19,20,21,23,24,27
0,1,3,9,12,13,14,16,18,19,23,27,28,29
0,3,6,8,9,11,13,15,16,17,18,19,20,22,23,24,25,26,28,30
0,3,7,9,10,11,12,13,15,16,18,20,22,23,26,27,29,30
0,1,3,6,8,9,10,11,12,13,16,18,20,21,22,26,28,30
0,2,7,12,13,15,16,17,18,20,24,27,28,29
