2,7,10,11,15,16,19,22,24,25,30,43,48,49,50,51,52,54
2,3,5,6,7,8,9,10,12,13,14,15,16,17,19,20,21,22,23,24,25,26,27,28,29,30,31,32,34,36,37,39,40,41,42,43,44,45,46,47,49,50,51,52,53,54
0,1,3,4,5,6,7,8,9,11,13,15,16,19,26,28,29,30,31,33,36,37,38,42,43,44,47,48,53,54
1,2,5,6,11,12,13,15,17,18,19,22,23,25,30,31,32,33,34,36,40,41,43,45,50,51,52,53
2,32,39,50
1,2,3,20,22,29,36,39
1,2,3,8,10,17,25,26,29,30,35,36,38,41,44,45,48,50,53,54
0,1,2,8,9,10,11,12,13,14,15,16,17,18,19,20,21,22,23,25,26,27,28,29,30,31,32,33,34,35,36,37,38,39,40,41,42,43,44,45,46,47,49,50,51,52,53,54
1,2,6,7,14,17,18,20,23,30,36,37,40,41,44,46,47,48,51,52
1,2,7,10,11,12,13,14,15,16,17,18,19,20,21,23,24,25,26,27,28,29,30,32,33,34,37,39,40,42,43,44,45,47,48,50,52,53
0,1,6,7,9,33,35,51
0,2,3,7,9,13,14,15,16,17,18,19,20,21,22,23,25,27,28,29,30,31,32,33,34,35,36,37,38,40,42,43,44,46,47,48,49,51,52,53
1,3,7,9,16,18,20,21,22,25,32,33,34,36,38,40,41,44,48,53
1,2,3,7,9,11,24,25,30,40,49,50
1,7,8,9,11,28,29,42,49,51
0,1,2,3,7,9,11,16,17,18,19,20,21,22,23,24,25,26,27,28,29,30,31,33,34,35,36,37,38,39,40,41,42,43,44,45,46,47,48,49,50,52,53,54
0,1,2,7,9,11,12,15,17,18,19,24,26,31,32,44,45,50
1,3,6,7,8,9,11,15,16,20,21,33,35,41,48,49
3,7,8,9,11,12,15,16,19,22,23,25,26,27,29,30,31,32,33,36,38,40,41,42,43,44,45,54
0,1,2,3,7,9,11,15,16,18,20,21,24,30,33,41,42,53
1,5,7,8,9,11,12,15,17,19,21,22,23,24,25,26,27,28,29,30,31,32,33,34,35,36,37,39,40,41,42,43,44,46,47,48,49,51,52,53
1,7,9,11,12,15,17,19,20,22,23,26,28,29,32,34,35,36,37,38,39,45,46,47,48,50,53,54
0,1,3,5,7,11,12,15,18,20,21,30,38,40,44,52
1,3,7,8,9,11,15,18,20,21,24,25,28,30,36,40,41,42,44,46,48,50,51,52,53,54
0,1,9,13,15,16,19,20,23,25,26,27,31,35,41,42,43,44,46,47,48,49,50,51,53,54
0,1,3,6,7,9,11,12,13,15,18,20,23,24,28,29,31,32,33,41,42,45,48,51
1,2,6,7,9,15,16,18,20,21,24,29,30,33,35,37,39,42,46,47,49,54
1,7,9,11,15,18,20,24,37,38,39,40,51,54
1,2,7,9,11,14,15,20,21,23,25,29,30,31,34,35,36,37,39,41,42,43,44,45,49,50,51,52,53,54
1,2,5,6,7,9,11,14,15,18,20,21,25,26,28,34,41,43
0,1,2,3,6,7,8,9,11,13,15,18,19,20,22,23,26,28,31,33,34,35,36,38,39,40,41,43,45,46,47,49,50,52,53,54
1,2,3,7,11,15,16,18,20,24,25,28,30,32,33,34,35,36,37,39,40,41,42,43,44,45,47,48,49,50,51,52,53,54
1,3,4,7,9,11,12,16,18,20,21,25,31,33,34,35,36,37,38,39,40,41,42,43,44,45,46,47,48,52,53,54
2,3,7,9,10,11,12,15,17,18,19,20,25,26,30,31,32,36,37,40,43,44,45,47,51,53
1,3,7,9,11,12,15,20,21,28,29,30,31,32,36,45
6,7,10,11,15,17,20,21,24,26,28,30,31,32,36,37,38,40,43,45,46,49,50,51,52,53
1,2,3,5,6,7,8,11,12,15,18,20,21,23,28,30,31,32,33,34,35,46
1,2,7,8,9,11,15,20,21,26,27,28,31,32,33,35,38,41,44,46,48,50
2,6,7,11,12,15,18,21,22,27,30,32,35,37,39,40,42,45,47,49,52,53
1,4,5,7,9,15,20,21,26,27,28,30,31,32,38,40,42,43,44,45,46,47,48,49,51,52,53,54
1,3,7,8,9,11,12,13,15,18,20,22,23,27,30,31,32,33,35,38,39,42,46,48,52,53
1,3,6,7,8,12,15,17,18,19,20,23,24,25,28,29,30,31,32,37,42,44,47,53
1,2,7,9,11,14,15,18,19,20,23,24,25,26,28,31,32,38,39,40,41,47
0,1,2,3,7,9,11,15,18,20,24,28,29,30,31,32,33,35,39,44,45,46,47,48,50,51,53,54
1,2,6,7,8,9,11,12,15,16,18,20,22,23,24,28,31,32,33,37,39,41,43,45,46,47,48,49,50,51,52,53
1,3,6,7,9,15,16,18,21,25,28,30,31,32,33,34,35,38,39,43,44,47,51,53
1,7,8,11,15,20,21,23,24,26,30,32,35,36,37,39,40,43,44,48
1,2,7,8,9,11,15,20,21,24,26,30,31,32,33,38,39,41,42,43,44,45,49,51,53,54
0,2,6,8,9,11,12,15,17,20,21,23,24,25,31,32,37,39,40,43,44,46,50,52
0,1,7,11,13,14,15,17,20,24,26,28,30,31,35,38,39,44,47,50
0,1,3,4,6,7,9,13,15,16,21,23,24,28,30,31,35,37,43,44,48,49,51,52
0,1,3,7,8,10,11,14,20,23,24,25,27,28,31,33,35,39,43,44,45,47,50,52
0,1,3,7,8,9,11,15,20,22,23,28,30,31,32,35,38,39,40,44,48,50,51,54
1,2,3,6,7,9,11,12,15,19,20,21,23,24,28,30,31,32,33,35,38,39,40,41,43,44,45,47
0,1,2,6,7,15,18,21,23,24,26,27,28,30,31,32,39,43,47,52
