1,2,3,4,6,7,10,11,12,13,15,16,18,20,21,22,23,24,25,26,28,29,30,31,33,34,38,39,41,43,44,45,46,49,51,54,56,57
0,2,4,8,14,22,23,28,29,30,34,37,38,57
0,1,3,5,6,7,8,9,10,11,12,13,14,15,19,20,21,22,23,25,27,28,29,31,33,34,35,36,37,38,39,40,42,43,44,47,50,51,52,53,55,57
0,2,5,6,7,8,9,10,11,14,15,16,17,18,19,20,25,28,29,30,32,33,34,35,37,38,39,40,41,42,43,44,45,47,48,49,50,51,52,53,54,57
0,1,6,8,9,21,23,28,29,38,39,41,43,45,47,48,50,55
2,3,15,16,20,21,26,27,33,34,36,42
0,2,3,4,9,11,12,16,19,20,21,23,28,30,31,32,34,35,41,42,43,44,45,47,50,51,53,56
0,2,3,10,11,12,13,14,15,18,20,21,22,23,24,27,29,30,32,33,34,35,37,38,40,42,43,46,47,51,52,57
1,2,3,4,16,18,20,21,25,26,28,30,33,38,44,46,47,48,49,50
2,3,4,6,27,31,34,46
0,2,3,7,13,15,16,20,24,25,26,27,28,30,31,33,34,35,37,39,41,42,43,46,50,51,52,54,55,56
0,2,3,6,7,12,14,15,16,17,18,19,22,24,25,26,27,28,30,31,32,33,34,35,36,37,38,39,41,42,43,46,47,48,49,50,51,53,54,55,56,57
0,2,6,7,11,16,17,18,19,20,21,23,25,26,27,28,29,31,32,35,36,37,38,40,41,42,43,44,45,47,48,50,51,53,56,57
0,2,7,10,15,17,21,24,26,27,30,31,32,33,34,38,40,41,43,57
1,2,3,7,11,18,22,23,24,25,28,33,37,41,44,46
0,2,3,5,7,10,11,13,16,17,18,19,20,21,22,23,24,25,26,27,28,29,30,31,32,33,34,35,36,37,38,39,40,41,42,43,44,45,46,47,48,49,50,51,52,53,54,55,56,57
0,3,5,6,8,10,11,12,15,19,21,23,24,25,27,28,29,30,31,33,35,37,38,39,40,41,42,44,45,46,47,49,50,55
3,11,12,13,15,19,21,22,23,24,28,32,33,35,39,40,41,42,45,46,48,52,53,54
0,3,7,8,11,12,14,15,22,35,36,44,52,55
2,3,6,11,12,15,16,17,20,21,22,23,26,27,29,30,31,32,33,34,35,36,37,38,39,40,41,42,43,44,45,46,48,49,50,51,52,53,54,55,56,57
0,2,3,5,6,7,8,10,12,15,19,21,25,26,27,29,31,33,34,35,42,43,44,45,47,48,49,50,51,52,53,55
0,2,4,5,6,7,8,12,13,15,16,17,19,20,22,23,24,25,26,27,28,29,30,32,33,34,36,37,38,39,40,42,43,44,45,46,47,48,49,50,51,52,53,54,56,57
0,1,2,7,11,14,15,17,18,19,21,23,35,36,38,43,47,48,52,54
0,1,2,4,6,7,12,14,15,16,17,19,21,22,24,25,26,27,28,29,30,31,32,33,34,35,36,37,38,39,40,41,42,43,44,45,46,47,48,49,50,51,52,53,54,55,56,57
0,7,10,11,13,14,15,16,17,21,23,27,28,29,32,33,34,35,36,37,44,48,49,50,51,53,54,55,56,57
0,2,3,8,10,11,12,14,15,16,20,21,23,27,33,45,46,52
0,5,8,10,11,12,13,15,19,20,21,23,27,29,30,31,35,36,39,40,41,44,45,46,48,49,53,54,55,56
2,5,7,9,10,11,12,13,15,16,19,20,21,23,24,25,26,28,29,33,37,38,40,41,43,45,51,52,53,54,56,57
0,1,2,3,4,6,8,10,11,12,14,15,16,17,21,23,24,27,29,30,31,35,36,41,42,43,46,47,49,50,51,55
0,1,2,3,4,7,12,15,16,19,20,21,23,24,26,27,28,30,31,32,33,34,35,36,37,38,39,41,43,44,45,47,49,51,52,53,54,55,56,57
0,1,3,6,7,8,10,11,13,15,16,19,21,23,26,28,29,31,32,33,34,37,39,40,41,42,43,45,46,47,48,49,51,53,54,55,56,57
0,2,6,9,10,11,12,13,15,16,19,20,23,26,28,29,30,32,33,34,35,36,37,38,39,40,41,42,43,44,45,46,47,48,50,51,52,53,54,55,56,57
3,6,7,11,12,13,15,17,19,21,23,24,29,30,31,33,34,35,37,38,39,42,44,45,46,48,50,53,55,57
0,2,3,5,7,8,10,11,13,14,15,16,17,19,20,21,23,24,25,27,29,30,31,32,34,35,37,38,40,41,42,43,44,45,46,47,48,49,50,51,53,54,56,57
0,1,2,3,5,6,7,9,10,11,13,15,19,20,21,23,24,29,30,31,32,33,35,38,39,41,42,44,46,55
2,3,6,7,10,11,12,15,16,17,18,19,20,22,23,24,26,28,29,31,32,33,34,36,37,39,40,42,43,44,45,46,47,48,49,50,52,53,54,55,56,57
2,5,11,12,15,18,19,21,22,23,24,26,28,29,31,35,45,47,48,50,51,56
1,2,3,7,10,11,12,14,15,16,19,21,23,24,27,29,30,31,32,33,35,38,39,41,42,43,44,45,47,49,51,53,54,55,56,57
0,1,2,3,4,7,8,11,12,13,15,16,19,21,22,23,27,29,31,32,33,34,37,41,42,43,46,47,50,51,52,53,55,57
0,2,3,4,10,11,15,16,17,19,21,23,26,29,30,31,32,34,35,37,40,42,44,45,49,50,51,53,54,55,56,57
2,3,7,12,13,15,16,17,19,21,23,26,27,30,31,33,35,39,41,42,44,46,47,48,53,54,55,56
0,3,4,6,10,11,12,13,14,15,16,17,19,23,26,27,28,29,30,31,33,34,37,38,40,45,48,49,52,54
2,3,5,6,7,10,11,12,15,16,17,19,20,21,23,28,30,31,32,33,34,35,37,38,39,40,45,46,49,50,53,55,56,57
0,2,3,4,6,7,10,11,12,13,15,19,20,21,22,23,27,28,29,30,31,33,35,37,38,44,45,46,47,48,49,50,52,53,54,55,56,57
0,2,3,6,8,12,14,15,16,18,19,20,21,23,24,26,29,31,32,33,34,35,37,39,40,43,45,50
0,3,4,6,12,15,16,17,19,20,21,23,25,26,27,29,30,31,32,33,35,36,37,39,41,42,43,44,47,49,52,57
0,7,8,9,10,11,14,15,16,17,19,21,23,25,26,28,30,31,32,33,34,35,38,40,42,43,47,50
2,3,4,6,7,8,11,12,15,16,20,21,22,23,28,29,30,31,33,35,36,37,38,40,43,45,46,50,53,54,55,56
3,4,8,11,12,15,17,19,20,21,22,23,24,26,30,31,32,33,35,36,40,41,43,50,51,53,54,55,56,57
0,3,8,11,15,16,19,20,21,23,24,26,28,29,30,33,35,37,39,41,42,43,45,50
2,3,4,6,8,10,11,12,15,16,19,20,21,23,24,28,31,32,33,35,36,38,39,42,43,44,46,47,48,49,52,53,54,56
0,2,3,6,7,10,11,12,15,19,20,21,23,24,27,28,29,30,31,33,36,37,38,39,48,53
2,3,7,10,15,17,18,19,20,21,22,23,25,27,29,31,35,38,41,43,45,50,55,57
2,3,6,11,12,15,17,19,20,21,23,24,26,27,29,30,31,32,33,35,37,38,39,40,42,43,47,48,50,51,54,55,56,57
0,3,10,11,15,17,19,21,22,23,24,26,27,29,30,31,33,35,37,39,40,41,43,47,48,50,53,55
2,4,10,11,15,16,18,19,20,23,24,26,28,29,30,31,32,34,35,37,38,39,40,42,43,47,48,52,53,54,56,57
0,6,10,11,12,15,19,21,23,24,26,27,29,30,31,33,35,36,37,39,40,42,43,47,48,50,53,55
0,1,2,3,7,11,12,13,15,19,21,23,24,27,29,30,31,32,33,35,37,38,39,42,43,45,48,52,53,55
