1,2,3,4,5,8,9,10,12,13,15,16,17,18,19,21,23,25,26,27,28,29,30,32,33,35,36,37
0,4,5,7,9,10,11,12,13,14,16,18,19,20,21,22,23,24,25,26,27,28,29,30,32,33,34,35,36,37,38,39,40,41
0,3,4,5,6,8,9,10,11,12,13,14,15,16,17,18,19,21,23,24,25,26,27,29,30,31,33,34,35,37,39,40
0,2,4,5,6,8,9,10,11,12,13,14,15,16,17,18,19,20,21,22,23,24,25,26,27,28,29,30,31,32,33,35,36,37,38,39,40,41
0,1,2,3,11,14
0,1,2,3,6,8,10,12,13,14,16,18,19,20,23,24,25,26,27,30,32,33,36,37,39,40
2,3,5,7,8,11,12,14,23,29,30,31,33,36,38,39,40,41
1,6,8,13,17,19,20,21,24,27
0,2,3,5,6,7,9,11,12,15,17,20,21,22,23,24,28,29,32,33,34,37,39,40
0,1,2,3,8,10,11,14,16,17,18,19,20,21,22,23,24,25,26,29,32,34,35,36,37,38
0,1,2,3,5,9,17,23,28,29,38,41
1,2,3,4,6,8,9,13
0,1,2,3,5,6,8,13,14,15,16,17,18,19,20,21,23,24,26,27,28,30,32,33,35,36,38,39,40,41
0,1,2,3,5,7,11,12,14,16,20,23,26,27,28,30,38,41
1,2,3,4,5,6,9,12,13,15,21,30
0,2,3,8,12,14,17,18,21,22,27,28,29,35,36,37,38,41
0,1,2,3,5,9,12,13,17,18,19,20,21,22,23,24,25,26,27,29,30,31,32,34,36,37,38,39,40,41
0,2,3,7,8,9,10,12,15,16,18,19,20,21,22,23,24,25,26,27,28,29,30,31,32,33,34,35,36,37,38,39,40,41
0,1,2,3,5,9,12,15,16,17,19,20,21,22,23,24,25,26,27,28,29,30,31,32,33,34,35,36,37,38,40,41
0,1,2,3,5,7,9,12,16,17,18,20,23,31,35,36
1,3,5,7,8,9,12,13,16,17,18,19,21,22,23,26,28,29,31,32,35,36,37,38,40,41
0,1,2,3,7,8,9,12,14,15,16,17,18,20,23,26,29,30,32,34,35,36,37,38,40,41
1,3,8,9,15,16,17,18,20,23,26,33,37,41
0,1,2,3,5,6,8,9,10,12,13,16,17,18,19,20,21,22,24,25,26,27,28,29,30,31,32,33,34,35,36,37,38,39,40,41
1,2,3,5,7,8,9,12,16,17,18,23,26,27,29,31,34,35,37,38,39,41
0,1,2,3,5,9,16,17,18,23,26,27,29,31,32,33,34,35,36,38,39,41
0,1,2,3,5,9,12,13,16,17,18,20,21,22,23,24,25,27,28,31,34,35,36,37
0,1,2,3,5,7,12,13,15,16,17,18,23,24,25,26,28,29,30,31,32,33,34,35,36,37,38,39,40,41
0,1,3,8,10,12,13,15,17,18,20,23,26,27,30,31,33,35,36,38,39,40
0,1,2,3,6,8,9,10,15,16,17,18,20,21,23,24,25,27,30,31,33,35,37,39,40,41
0,1,2,3,5,6,12,13,14,16,17,18,21,23,27,28,29,33,37,40
2,3,6,16,17,18,19,20,23,24,25,26,27,28,29,40
0,1,3,5,8,9,12,16,17,18,20,21,23,25,27,41
0,1,2,3,5,6,8,12,17,18,22,23,25,27,28,29,30,34,35,36,37,39,40,41
1,2,8,9,16,17,18,21,23,24,25,26,27,33,35,38,40,41
0,1,2,3,9,12,15,17,18,19,20,21,23,24,25,26,27,28,29,33,34,36,38,39,40,41
0,1,3,5,6,9,12,15,16,17,18,19,20,21,23,25,26,27,28,33,35,41
0,1,2,3,5,8,9,15,16,17,18,20,21,22,23,24,26,27,29,30,33,39
1,3,6,9,10,12,13,15,16,17,18,20,21,23,24,25,27,28,34,35,40,41
1,2,3,5,6,8,12,16,17,23,24,25,27,28,29,33,35,37,40,41
1,2,3,5,6,8,12,16,17,18,20,21,23,27,28,29,30,31,33,34,35,38,39,41
1,3,6,10,12,13,15,16,17,18,20,21,22,23,24,25,27,29,32,33,34,35,36,38,39,40
