1,2,4,9,10,13,15,16,19,21,23,24,27,28
0,2,3,4,5,6,8,9,10,11,15,18,19,20,21,23,26,27
0,1,3,4,5,6,7,8,9,11,12,13,14,15,16,17,18,19,20,21,22,23,24,25,26,27,28,29
1,2,4,5,6,7,8,9,10,11,12,13,14,15,16,17,18,19,20,21,22,23,24,25,26,27,28,29
0,1,2,3,5,7,9,13,15,16,18,20,21,22,23,25,27,28
1,2,3,4,12,15,17,22,26,29
1,2,3,8,9,11,16,19,26,27
2,3,4,10,16,19,20,21,22,23,24,26,27,29
1,2,3,6,16,17,22,26
0,1,2,3,4,6,10,13,15,16,17,20,21,22,23,24,25,26,28,29
0,1,3,7,9,13,14,15,16,18,20,23,25,26,28,29
1,2,3,6,12,15,18,19,20,21,22,23,28,29
2,3,5,11,15,16,19,27,28,29
0,2,3,4,9,10,20,22,24,27
2,3,10,24
0,1,2,3,4,5,9,10,11,12,23,27
0,2,3,4,6,7,8,9,10,12,17,18,20,21,22,23,24,25,26,27,28,29
2,3,5,8,9,16,18,20,21,22,24,25,26,28
1,2,3,4,10,11,16,17,19,21,24,25,26,27,28,29
0,1,2,3,6,7,11,12,18,20,21,22,23,24,25,26,27,29
1,2,3,4,7,9,10,11,13,16,17,19,21,22,23,24,26,27,28,29
0,1,2,3,4,7,9,11,16,17,18,19,20,23
2,3,4,5,7,8,9,11,13,16,17,19,20,23,26,27
0,1,2,3,4,7,9,10,11,15,16,19,20,21,22,24
0,2,3,7,9,13,14,16,17,18,19,20,23,29
2,3,4,9,10,16,17,18,19,26
1,2,3,5,6,7,8,9,10,16,17,18,19,20,22,25,28,29
0,1,2,3,4,6,7,12,13,15,16,18,19,20,22,28
0,2,3,4,9,10,11,12,16,17,18,20,26,27
2,3,5,7,9,10,11,12,16,18,19,20,24,26
