4,13,18,19,20,21,24,25,30,35,42,50,51,52
2,3,4,5,6,8,9,11,13,14,15,16,17,19,20,21,22,23,26,29,30,32,33,35,36,39,40,43,45,46,47,49,51,52,53,55
1,3,4,5,6,7,8,9,11,12,13,14,15,16,17,18,20,22,23,24,25,26,27,28,29,30,31,32,33,34,35,36,37,38,39,40,41,42,43,44,45,46,47,49,50,51,52,53,54,55
1,2,17,26,54,55
0,1,2,6,8,17,20,27,29,34,36,45,49,52
1,2,7,8,12,14,15,16,17,18,19,21,24,25,28,30,31,32,33,34,35,37,38,39,40,41,42,43,45,46,48,49,51,52,53,54
1,2,4,7,8,9,10,13,14,15,16,18,20,23,24,25,26,27,28,29,31,32,34,36,37,38,39,41,42,43,44,46,47,50,51,54
2,5,6,8,9,10,11,12,13,14,15,16,17,18,19,20,21,22,23,24,25,26,27,29,30,31,32,33,34,35,36,37,38,39,40,41,42,43,45,46,47,48,50,51,52,53,54,55
1,2,4,5,6,7,12,15,16,17,18,19,21,23,26,30,33,34,36,37,39,40,41,43,45,46,47,48,49,51,52,53,54,55
1,2,6,7,10,11,13,15,16,17,18,19,20,21,22,23,24,25,27,28,29,30,34,35,37,38,39,42,44,46,48,50,51,52,53,55
6,7,9,12,13,16,17,18,19,21,27,28,29,31,32,33,35,37,39,40,41,42,43,44,45,46,47,48,49,50,51,52,54,55
1,2,7,9,12,15,16,19,22,23,24,25,26,27,28,29,31,32,34,35,37,38,39,40,41,42,43,44,45,47,48,49,52,53,54,55
2,5,7,8,10,11,13,14,15,16,18,19,20,22,23,24,25,26,27,28,29,30,31,32,33,34,36,37,38,39,40,43,44,45,46,47,48,49,50,51,52,53,54,55
0,1,2,6,7,9,10,12,15,16,18,19,25,26,27,31,32,34,35,36,37,44,45,46,48,52,54,55
1,2,5,6,7,12,16,17,19,22,25,26,27,28,29,30,33,34,35,37,38,40,42,43,45,47,50,51,54,55
1,2,5,6,7,8,9,11,12,13,16,20,23,27,29,30,31,33,34,35,40,41,42,46,48,49,50,51,52,55
1,2,5,6,7,8,9,10,11,12,13,14,15,18,19,22,31,32,44,48,53,54
1,2,3,4,5,7,8,9,10,14,18,19,20,21,22,24,25,26,27,29,30,31,32,33,34,35,36,38,40,41,42,43,44,45,46,47,48,49,50,52,53,55
0,2,5,6,7,8,9,10,12,13,16,17,24,26,27,29,30,33,35,36,37,39,40,42,43,46,47,51,52,53
0,1,5,7,8,9,10,11,12,13,14,16,17,20,21,22,24,25,26,28,29,30,31,33,34,35,36,37,38,40,41,42,43,44,45,46,47,48,49,50,51,53,54,55
0,1,2,4,6,7,9,12,15,17,19,25,26,32,35,36,42,46
0,1,5,7,8,9,10,17,19,23,24,25,27,28,29,30,31,32,33,34,35,37,38,39,40,41,42,43,44,45,47,49,50,51,52,53,54,55
1,2,7,9,11,12,14,16,17,19,25,26,29,30,32,34,35,36,38,39,40,41,42,45,46,47,48,50,51,52,54,55
1,2,6,7,8,9,11,12,15,21,26,34,35,36,42,47
0,2,5,6,7,9,11,12,17,18,19,21,25,26,27,28,30,31,32,33,34,35,37,38,39,40,41,42,43,44,45,46,47,48,49,51,52,53,54,55
0,2,5,6,7,9,11,12,13,14,17,19,20,21,22,24,26,28,30,31,32,34,35,37,38,40,41,43,44,51,52,53,54,55
1,2,3,6,7,8,11,12,13,14,17,18,19,20,22,23,24,25,39,42
2,4,6,7,9,10,11,12,13,14,15,17,18,21,24,35,38,46
2,5,6,9,10,11,12,14,19,21,24,25,30,31,32,35,36,37,41,43,44,46,47,48,50,51,54,55
1,2,4,6,7,9,10,11,12,14,15,17,18,19,21,22,30,31,32,33,34,35,36,38,39,40,41,42,43,44,45,46,47,48,49,50,51,52,54,55
0,1,2,5,7,8,9,12,14,15,17,18,19,21,22,24,25,28,29,33,35,37,43,48
2,5,6,7,10,11,12,13,15,16,17,19,21,24,25,28,29,40,44,48,51,53
1,2,5,6,7,10,11,12,13,16,17,20,21,22,24,25,28,29,33,35,46,48
1,2,5,7,8,10,12,14,15,17,18,19,21,24,29,30,32,34,35,36,37,38,39,40,41,43,44,45,46,47,48,51,52,53,54,55
2,4,5,6,7,8,9,11,12,13,14,15,17,19,21,22,23,24,25,29,33,36,38,39,41,42,43,45,46,47,48,49,50,51,53,55
0,1,2,5,7,9,10,11,13,14,15,17,18,19,20,21,22,23,24,25,27,28,29,30,32,33,36,37,38,39,40,41,42,44,45,46,47,48,49,50,51,53,54,55
1,2,4,6,7,8,12,13,17,18,19,20,22,23,28,29,33,34,35,38,43,52
2,5,6,7,8,9,10,11,12,13,14,18,19,21,24,25,28,30,33,35,38,39,41,42,44,45,46,47,48,50,52,53,54,55
2,5,6,7,9,11,12,14,17,19,21,22,24,25,27,29,33,34,35,36,37,41,45,52
1,2,5,6,7,8,9,10,11,12,18,21,22,24,26,29,33,34,35,37,42,43,44,46,47,48,49,50,51,52,53,55
1,2,5,7,8,10,11,12,14,15,17,18,19,21,22,24,25,29,31,33,35,42,45,47,50,52,53,55
2,5,6,7,8,10,11,15,17,19,21,22,24,25,28,29,33,34,35,37,38,42,45,46,51,54
0,2,5,6,7,9,10,11,14,15,17,18,19,20,21,22,23,24,26,29,34,35,37,39,40,41,43,44,45,46,50,52,54,55
1,2,5,6,7,8,10,11,12,14,17,18,19,21,24,25,28,29,30,33,34,36,39,42,44,45,46,47,48,49,50,51,52,53,54,55
2,6,9,10,11,12,13,16,17,19,21,24,25,28,29,31,33,35,37,39,42,43,46,47,48,49,51,52,53,55
1,2,4,5,7,8,10,11,12,13,14,17,19,21,22,24,29,33,34,35,37,38,40,41,42,43,47,49
1,2,5,6,7,8,9,10,12,13,15,17,18,19,20,22,24,27,28,29,32,33,34,35,37,39,41,42,43,44,47,48,49,50,51,53,54,55
1,2,6,7,8,10,11,12,14,17,18,19,21,22,23,24,28,29,33,34,35,37,39,40,43,44,45,46,48,51
5,7,8,9,10,11,12,13,15,16,17,19,22,24,28,29,30,31,32,33,34,35,37,39,43,44,46,47,49,51,52,53,54,55
1,2,4,5,8,10,11,12,15,17,19,21,24,29,34,35,39,43,44,45,46,48,53,54
0,2,6,7,9,10,12,14,15,17,19,21,22,28,29,34,35,37,39,40,42,43,46,51,54,55
0,1,2,5,6,7,8,9,10,12,14,15,18,19,21,22,24,25,28,29,31,33,34,35,39,41,43,44,46,47,48,50,52,53,54,55
0,1,2,4,5,7,8,9,10,11,12,13,15,17,18,21,22,24,25,29,33,36,37,38,39,40,42,43,44,48,51,53
1,2,5,7,8,9,11,12,16,17,18,19,21,24,25,31,33,34,35,37,39,40,43,44,46,48,49,51,52,54
2,3,5,6,7,8,10,11,12,13,14,16,19,21,22,24,25,28,29,33,35,37,41,42,43,46,48,49,50,51,53,55
1,2,3,7,8,9,10,11,12,13,14,15,17,19,21,22,24,25,28,29,33,34,35,37,39,40,42,43,44,46,48,50,51,54
