1,2,3,4,5,7,9,10,11,12,13,14,15,17,18,19,21,22,23,24,26,30,31,32,33,34,35,36,37,38,39,40,41,42
0,10,18,21,25,30,31,32,36,38,41,42
0,8,9,18,22,27,29,35,39,42
0,4,5,7,10,11,13,16,17,18,19,20,24,34,36,37,42,43
0,3,6,8,9,11,12,16,19,22,25,26,28,30,33,34,36,37,39,42
0,3,9,15,21,23,25,26,28,36
4,8,13,25
0,3,14,41
2,4,6,10,14,15,17,18,19,20,21,22,23,26,27,29,30,33,34,37,38,39,40,41
0,2,4,5,10,11,12,13,14,16,17,18,20,21,22,24,25,26,27,28,29,30,31,32,33,34,35,36,37,38,39,40,41,43
0,1,3,8,9,14,16,22,27,30,35,38,41,42
0,3,4,9,24,36
0,4,9,21,24,31
0,3,6,9,15,17,18,19,21,24,28,29,30,31,32,34,36,38,39,40,41,42
0,7,8,9,10,20,21,25,32,33,35,36,37,38
0,5,8,13,16,17,18,19,20,21,23,24,25,26,27,28,29,31,32,33,34,35,37,39,40,42
3,4,9,10,15,17,18,19,20,23,24,26,27,29,30,32,37,38
0,3,8,9,13,15,16,18,19,20,23,25,27,28,30,31,32,33,36,37,38,39,40,41
0,1,2,3,8,9,13,15,16,17,19,20,21,22,23,24,25,26,27,28,29,30,31,32,33,34,35,37,38,39,40,41,42,43
0,3,4,8,13,15,16,17,18,20,23,24,26,27,28,33,37,38,39,43
3,8,9,14,15,16,17,18,19,21,22,23,24,25,28,30,31,32,33,35,36,37,40,42
0,1,5,8,9,12,13,14,15,18,20,40
0,2,4,8,9,10,18,20,25,27,29,30,33,36,37,40
0,5,8,15,16,17,18,19,20,26,31,37,40,42
0,3,9,11,12,13,15,16,18,19,20,25,26,27,28,29,30,31,32,33,34,35,38,39,40,42
1,4,5,6,9,14,15,17,18,20,22,24,27,29,30,33,34,35,36,38,40,41,42,43
0,4,5,8,9,15,16,18,19,23,24,27,32,33,35,38,40,41,42,43
2,8,9,10,15,16,17,18,19,22,24,25,26,32,33,34,38,42
4,5,9,13,15,17,18,19,20,24,30,34,35,43
2,8,9,13,15,16,18,22,24,25,30,31,32,33,34,35,36,37,38,39,40,41,42,43
0,1,4,8,9,10,13,16,17,18,20,22,24,25,28,29,31,32,33,34,35,36,37,38,39,41,42,43
0,1,9,12,13,15,17,18,20,23,24,29,30,32,33,34,35,38,39,40,42,43
0,1,9,13,14,15,16,17,18,20,24,26,27,29,30,31,33,34,35,36,37,38,39,40,42,43
0,4,8,9,14,15,17,18,19,20,22,24,25,26,27,29,30,31,32,34,35,36,37,39,40,41
0,3,4,8,9,13,15,18,24,25,27,28,29,30,31,32,33,36,39,40,41,42
0,2,9,10,14,15,18,20,24,25,26,28,29,30,31,32,33,36,37,38,39,40,41,43
0,1,3,4,5,9,11,13,14,17,20,22,25,29,30,32,33,34,35,37,40,41,42,43
0,3,4,8,9,14,15,16,17,18,19,20,22,23,29,30,32,33,35,36,38,41
0,1,8,9,10,13,14,16,17,18,19,24,25,26,27,29,30,31,32,35,37,41
0,2,4,8,9,13,15,17,18,19,24,29,30,31,32,33,34,35,40,42
0,8,9,13,15,17,18,20,21,22,23,24,25,26,29,31,32,33,34,35,36,39,41,42
0,1,7,8,9,10,13,17,18,25,26,29,30,33,34,35,36,37,38,40,42,43
0,1,2,3,4,10,13,15,18,20,23,24,25,26,27,29,30,31,32,34,36,39,40,41
3,9,18,19,25,26,28,29,30,31,32,35,36,41
