7,10,13,20,27,32,35,36
2,3,4,5,6,7,12,13,17,19,22,23,24,27,28,34,36,37
1,3,4,5,6,11,13,14,15,16,17,18,20,21,22,23,25,26,27,28,29,30,31,32,33,34,36,37
1,2,7,9,18,19,24,30,33,36
1,2,5,6,7,8,10,11,12,13,14,15,16,17,18,19,20,21,22,23,24,25,26,27,28,29,30,31,32,33,34,35,36,37
1,2,4,31
1,2,4,10,25,26,33,35
0,1,3,4,8,14,15,16,18,20,24,26,27,32,35,37
4,7,25,37
3,16,22,36
0,4,6,14,24,32
2,4,18,21,22,28,31,33,34,37
1,4,13,14,15,16,17,18,19,20,21,22,26,27,28,29,30,31,32,33,34,35,36,37
0,1,2,4,12,21,26,28
2,4,7,10,12,17,19,20,21,22,23,24,25,26,27,28,29,30,31,33,35,37
2,4,7,12,21,29,34,37
2,4,7,9,12,18,19,20,21,23,24,25,26,27,28,29,32,33,34,35,36,37
1,2,4,12,14,18,19,21,23,24,25,26,28,30,31,32,33,35,36,37
2,3,4,7,11,12,16,17,27,36
1,3,4,12,14,16,17,20,21,22,23,24,25,27,28,29,30,31,32,33,34,35,36,37
0,2,4,7,12,14,16,19,27,33
2,4,11,12,13,14,15,16,17,19,22,23,24,25,26,27,28,29,30,31,32,33,34,35,36,37
1,2,4,9,11,12,14,19,21,25,26,28,33,34
1,2,4,14,16,17,19,21,27,28,30,33
1,3,4,7,10,14,16,17,19,21,25,26,27,29,30,31,32,33,34,35,36,37
2,4,6,8,14,16,17,19,21,22,24,27,28,29,30,31,33,34,35,36
2,4,6,7,12,13,14,16,17,21,22,24,27,30,31,32,34,35,36,37
0,1,2,4,7,12,14,16,18,19,20,21,23,24,25,26,35,37
1,2,4,11,12,13,14,16,17,19,21,22,23,25,32,37
2,4,12,14,15,16,19,21,24,25,31,32,33,36
2,3,4,12,14,17,19,21,23,24,25,26,31,32,34,35,36,37
2,4,5,11,12,14,17,19,21,24,25,26,29,30,32,34
0,2,4,7,10,12,16,17,19,21,24,26,28,29,30,31,34,35,36,37
2,3,4,6,11,12,14,16,17,19,20,21,22,23,24,25,29,37
1,2,4,11,12,15,16,19,21,22,24,25,26,30,31,32,36,37
0,4,6,7,12,14,16,17,19,21,24,25,26,27,30,32,36,37
0,1,2,3,4,9,12,16,17,18,19,21,24,25,26,29,30,32,34,35
1,2,4,7,8,11,12,14,15,16,17,19,21,24,26,27,28,30,32,33,34,35
