1,2,3,4,5,6,7,8,9,10,11,12,14,15,16,18,19,20,21,24
0,3,5,7,8,9,10,11,15,20,22,24
0,3,4,5,6,7,8,10,11,12,14,15,16,17,18,20,21,22,23,25
0,1,2,5,9,13,14,15,16,17,23,25
0,2,5,6,9,10,11,12,15,25
0,1,2,3,4,11
0,2,4,7,8,9,10,11,14,15,16,17,20,22,24,25
0,1,2,6,8,9,10,11,12,14,15,16,17,18,19,20,21,22,23,24
0,1,2,6,7,10,12,13,17,18,20,24
0,1,3,4,6,7,10,11,13,14,18,19,20,21,22,23,24,25
0,1,2,4,6,7,8,9,13,14,17,18,20,21,22,25
0,1,2,4,5,6,7,9,12,13,15,17,19,24
0,2,4,7,8,11,14,15,16,17,18,19,20,22
3,8,9,10,11,14,15,16,18,20,23,25
0,2,3,6,7,9,10,12,13,25
0,1,2,3,4,6,7,11,12,13,16,17,20,22,24,25
0,2,3,6,7,12,13,15,17,18,19,20,21,22,23,25
2,3,6,7,8,10,11,12,15,16,18,21,24,25
0,2,7,8,9,10,12,13,16,17,19,20,22,24
0,7,9,11,12,16,18,20,22,25
0,1,2,6,7,8,9,10,12,13,15,16,18,19,21,22,23,24
0,2,7,9,10,16,17,20,22,23
1,2,6,7,9,10,12,15,16,18,19,20,21,24
2,3,7,9,13,16,20,21,24,25
0,1,6,7,8,9,11,15,17,18,20,22,23,25
2,3,4,6,9,10,13,14,15,16,17,19,23,24
