1,2,3,4,5,6,7,8,9,11,12,14,15,17,18,20,22,23,24,27,28,29,30,32,34,35,36,39,40,41,43,44,46,48,49,50,51,52,54,55,56,57,58,60,63,64
0,5,7,8,9,10,11,15,20,22,23,24,25,26,27,28,29,30,32,34,35,36,38,39,41,43,44,45,46,47,48,49,53,55,58,60,62,63
0,22
0,4,5,6,9,10,14,15,17,19,23,24,27,28,29,30,35,37,38,39,40,41,42,44,45,46,50,56,57,60,61,62
0,3,6,9,10,27,29,41,46,59,60,64
0,1,3,9,10,11,12,13,15,16,19,20,22,23,24,27,28,30,32,33,34,35,36,38,39,40,46,47,48,49,50,51,52,53,54,55,56,58,59,60,62,64
0,3,4,9,15,21,22,23,24,25,27,28,29,34,36,37,39,41,43,50,53,56,57,58,59,61,62,64
0,1,27,28,38,40,41,52
0,1,10,12,13,16,17,19,20,21,22,24,25,26,27,29,32,33,34,35,36,37,38,40,41,42,43,44,45,46,47,48,49,50,51,54,55,60,61,62,63,64
0,1,3,4,5,6,20,25,30,32,37,44,53,56,63,64
1,3,4,5,8,16,18,34,35,43,50,53
0,1,5,13,17,18,19,20,22,23,24,25,26,27,28,30,32,33,40,42,43,44,49,50,53,54,57,58,63,64
0,5,8,15,16,19,24,29,52,58
5,8,11,14,15,18,19,20,21,22,23,24,25,28,29,31,32,36,37,38,39,40,41,42,44,47,48,49,50,52,53,55,56,58,59,60,62,64
0,3,13,15,16,17,18,19,20,21,23,24,25,26,28,30,31,32,33,35,36,37,38,39,40,41,42,43,44,45,48,50,51,53,55,56,57,59,60,61,62,63
0,1,3,5,6,12,13,14,16,17,18,19,20,21,22,23,24,25,26,27,28,29,30,31,32,33,34,35,37,38,39,40,41,42,43,44,45,46,47,48,49,50,51,52,53,54,55,56,57,58,59,60,61,62,63,64
5,8,10,12,14,15,17,18,19,20,21,22,23,24,25,26,27,28,29,30,31,32,33,34,35,36,37,38,39,40,41,42,43,44,45,46,47,48,49,50,51,52,53,54,55,56,57,58,59,60,61,62,63,64
0,3,8,11,14,15,16,19,20,21,22,23,25,26,27,28,30,32,33,34,35,36,39,40,41,42,43,44,45,47,50,52,53,54,55,56,57,58,59,60,61,62,63,64
0,10,11,13,14,15,16,19,22,23,31,32,33,34,35,36,39,44,46,48,49,50,53,59,60,62
3,5,8,11,12,13,14,15,16,17,18,29,30,33,37,38,39,40,42,43,44,46,52,56,59,62
0,1,5,8,9,11,13,14,15,16,17,25,27,28,31,36,38,45,53,56,63,64
6,8,13,14,15,16,17,25,27,31,34,36,39,49,54,56,62,63
0,1,2,5,6,8,11,13,15,16,17,18,23,24,25,26,28,29,31,32,33,34,35,36,37,38,39,40,41,42,43,44,45,47,48,49,50,51,52,53,56,57,58,59,60,61,62,63
0,1,3,5,6,11,13,14,15,16,17,18,22,25,26,28,29,30,33,37,39,41,42,43,44,45,46,47,49,50,53,55,56,59,60,61,63,64
0,1,3,5,6,8,11,12,13,14,15,16,22,25,27,28,30,31,34,36,38,42,45,49,53,57,59,60
1,6,8,9,11,13,14,15,16,17,20,21,22,23,24,26,27,28,29,30,31,32,34,35,38,39,40,41,42,43,45,46,47,48,49,50,51,52,53,54,55,56,57,58,59,60,61,62,63,64
1,8,11,14,15,16,17,22,23,25,32,36,39,40,54,55,58,63
0,1,3,4,5,6,7,8,11,15,16,17,20,21,24,25,28,29,31,32,33,34,35,36,37,38,41,44,46,47,49,50,51,53,54,55,56,58,59,60,63,64
0,1,3,5,6,7,11,13,14,15,16,17,20,22,23,24,25,27,30,31,32,33,37,38,43,46,47,48,50,51,52,54,55,56,63,64
0,1,3,4,6,8,12,13,15,16,19,22,23,25,27,31,32,35,36,37,38,40,45,46,47,48,49,53,55,56,59,60,62,64
0,1,3,5,9,11,14,15,16,17,19,23,24,25,28,32,33,35,36,38,40,41,42,43,44,46,47,48,49,51,53,54,55,57,58,60,61,62,63,64
13,14,15,16,18,20,21,22,24,25,27,28,29,32,34,38,47,50,54,59,60,61
0,1,5,8,9,11,13,14,15,16,17,18,22,25,26,27,28,29,30,31,33,34,35,36,37,38,39,40,41,42,43,44,45,46,47,48,49,50,51,52,53,54,55,56,57,58,59,60,61,62,63,64
5,8,11,14,15,16,17,18,19,22,23,27,28,30,32,35,39,40,42,43,44,45,46,48,49,51,52,53,54,55,56,57,58,59,60,61,63,64
0,1,5,6,8,10,15,16,17,18,21,22,24,25,27,31,32,35,39,40,42,47,48,49,52,57,59,60,63,64
0,1,3,5,8,10,14,15,16,17,18,22,25,27,29,30,32,33,34,36,38,39,40,41,44,46,47,48,49,50,51,53,54,55,56,57,58,60
0,1,5,6,8,13,14,16,17,18,20,21,22,24,26,27,29,30,32,35,37,39,40,41,42,43,44,46,47,48,49,50,52,53,54,55,56,57,59,60,61,62,63,64
3,6,8,9,13,14,15,16,19,22,23,27,28,29,32,36,42,45,47,49,52,55,56,58,59,62
1,3,5,7,8,13,14,15,16,19,20,22,24,25,27,28,29,30,31,32,35,42,44,45,47,49,50,52,53,54,56,59,61,64
0,1,3,5,6,13,14,15,16,17,18,19,21,22,23,25,26,32,33,34,35,36,50,60,61,62
0,3,5,7,8,11,13,14,15,16,17,19,22,25,26,29,30,32,33,34,35,36,42,44,45,48,49,50,51,52,61,62
0,1,3,4,6,7,8,13,14,15,16,17,22,23,25,27,30,32,35,36,42,43,45,46,48,49,50,51,52,57,60,61,63,64
3,8,11,13,14,15,16,17,19,22,23,24,25,30,32,33,34,36,37,38,40,41,43,44,45,46,47,48,49,50,51,52,53,54,55,56,57,58,59,60,61,62,63,64
0,1,6,8,10,11,14,15,16,17,19,22,23,25,28,30,32,33,36,41,42,44,45,46,47,48,49,50,51,52,53,55,56,57,60,61,62,64
0,1,3,8,9,11,13,14,15,16,17,18,19,22,23,27,30,32,33,35,36,38,40,42,43,45,56,60
1,3,8,14,15,16,17,20,22,23,24,25,29,32,33,37,38,40,41,42,43,44,58,59,61,63
0,1,3,4,5,8,15,16,18,19,23,25,27,28,29,30,32,33,35,36,41,42,43,47
1,5,8,13,15,16,17,22,23,25,27,28,29,30,31,32,34,35,36,37,38,42,43,46,48,49,50,51,52,53,54,55,56,58,59,60,61,62,63,64
0,1,5,8,13,14,15,16,18,22,25,28,29,30,32,33,34,35,36,40,41,42,43,47,49,50,51,52,53,54,55,56,57,58,59,60,61,62,63,64
0,1,5,8,11,13,15,16,18,21,22,23,24,25,27,29,30,32,33,34,35,36,37,38,40,41,42,43,47,48,62,64
0,3,5,6,8,10,11,13,14,15,16,17,18,22,23,25,27,28,31,32,35,36,38,39,40,41,42,43,47,48,56,57,59,64
0,5,8,14,15,16,22,25,27,28,30,32,33,35,40,41,42,43,47,48,53,54,55,56,57,58,59,60,61,63
0,5,7,12,13,15,16,17,19,22,25,28,32,33,34,36,37,38,40,41,42,43,47,48,53,56,58,59,61,63
1,5,6,9,10,11,13,14,15,16,17,18,20,22,23,24,25,27,29,30,32,33,35,36,38,42,43,47,48,51,52,59,61,64
0,5,8,11,15,16,17,21,25,26,27,28,30,31,32,33,35,36,38,42,47,48,51,55,57,63
0,1,5,8,13,14,15,16,17,23,25,26,27,28,29,30,32,33,35,36,37,42,43,47,48,51,54,60
0,3,5,6,9,13,14,15,16,17,19,20,21,22,23,25,27,28,29,32,33,35,36,37,38,42,43,44,47,48,50,51,52,57,58,60,61,62
0,3,6,11,14,15,16,17,22,24,25,30,32,33,34,35,36,41,42,43,48,50,51,54,56,58,59,61,62,64
0,1,5,6,11,12,13,15,16,17,22,25,26,27,30,32,33,35,37,42,45,47,48,51,52,56,57,60,62,63
4,5,6,13,14,15,16,17,18,19,22,23,24,25,27,29,31,32,33,34,36,37,38,42,45,47,48,50,51,52,53,57,62,63
0,1,3,4,5,8,13,14,15,16,17,18,22,23,24,25,27,29,30,31,32,33,34,35,36,39,41,42,43,44,47,48,51,55,56,58,61,62
3,6,8,14,15,16,17,22,23,25,30,31,32,33,36,38,39,40,41,42,43,45,47,48,51,52,53,56,57,60,62,63
1,3,5,6,8,13,14,15,16,17,18,19,21,22,25,29,30,32,36,37,39,40,42,43,47,48,49,56,57,58,59,60,61,63
0,1,8,9,11,14,15,16,17,20,21,22,23,25,26,27,28,30,32,33,34,36,41,42,45,47,48,51,52,54,58,59,61,62
0,4,5,6,8,9,11,13,15,16,17,20,23,25,27,28,29,30,32,33,34,36,38,41,42,43,47,48,49,50,53,57
