1,2,3,5,6,7,9,10,11,12,14,15,18,20,21,22,24,27,29,31,33,34
0,2,3,4,5,6,7,9,10,11,12,16,17,18,19,20,21,23,24,25,26,28,29,30,31,32,33,34
0,1,3,4,5,6,7,8,9,10,11,12,13,15,16,17,18,19,20,21,22,23,24,25,26,27,28,30,31,32,33,34
0,1,2,24
1,2,5,7,8,9,10,11,12,13,14,15,16,17,19,20,21,23,24,25,26,27,28,29,30,31,33,34
0,1,2,4,11,13,14,19,20,24,25,28
0,1,2,8,9,14,19,24,30,32
0,1,2,4,8,9,10,11,13,14,15,17,19,20,21,22,26,27,29,30,31,34
2,4,6,7,9,15,26,27,28,33
0,1,2,4,6,7,8,30
0,1,2,4,7,11,12,13,14,15,16,21,23,24,25,26,28,30,31,32,33,34
0,1,2,4,5,7,10,12,13,16,17,18,19,20,22,24,25,26,28,31,32,34
0,1,2,4,10,11,15,22
2,4,5,7,10,11,15,19,20,22,23,24,27,28,29,30,31,32,33,34
0,4,5,6,7,10,15,16,17,18,22,23,24,25,27,30,31,34
0,2,4,7,8,10,12,13,14,16,18,19,20,21,22,24,25,27,28,30,31,32,33,34
1,2,4,10,11,14,15,18,19,20,22,24,25,27,29,30,31,33
1,2,4,7,11,14,19,20,21,22,23,24,26,28,29,31,33,34
0,1,2,11,14,15,16,19,20,21,23,24,26,28,29,30,31,33
1,2,4,5,6,7,11,13,15,16,17,18,20,26,27,29,30,33
0,1,2,4,5,7,11,13,15,16,17,18,19,23
0,1,2,4,7,10,15,17,18,22,23,25,26,27,28,31,33,34
0,2,7,11,12,13,14,15,16,17,21,32,33,34
1,2,4,10,13,14,17,18,20,21,25,31
0,1,2,3,4,5,6,10,11,13,14,15,16,17,18,25,29,30
1,2,4,5,10,11,14,15,16,21,23,24,27,33
1,2,4,7,8,10,11,17,18,19,21,27,29,30,31,32,33,34
0,2,4,7,8,13,14,15,16,19,21,25,26,28,29,30,32,34
1,2,4,5,8,10,11,13,15,17,18,21,27,31
0,1,4,7,13,16,17,18,19,24,26,27,30,34
1,2,4,6,7,9,10,13,14,15,16,18,19,24,26,27,29,32
0,1,2,4,7,10,11,13,14,15,16,17,18,21,23,26,28,33
1,2,6,10,11,13,15,22,26,27,30,34
0,1,2,4,8,10,13,15,16,17,18,19,21,22,25,26,31,34
0,1,2,4,7,10,11,13,14,15,17,21,22,26,27,29,32,33
