5,15
2,3,4,5,7,8,9,10,11,12,13,14,15,16,17,18,19,20,21,22,23,24,26,27,28,29,30,31
1,6,7,11,13,14,16,24,25,26,28,29,30,31
1,5,6,7,8,10,11,12,13,14,17,18,19,21,22,23,24,25,28,30
1,5,8,12,15,18,19,24,26,31
0,1,3,4,6,7,8,9,10,11,12,13,14,15,16,17,18,19,20,21,22,23,24,25,26,27,28,29,30,31
2,3,5,14,23,25,26,30
1,2,3,5,22,24
1,3,4,5,10,16,19,22
1,5,11,22,25,30
1,3,5,8,12,13,15,16,17,18,19,20,21,22,25,26,28,29,30,31
1,2,3,5,9,12,13,16,17,18,20,21,22,24,25,26,28,29,30,31
1,3,4,5,10,11,13,14,16,19,20,21,22,23,24,27
1,2,3,5,10,11,12,14,15,16,17,22,23,30
1,2,3,5,6,12,13,15,16,17,18,19,20,22,23,24,25,26,27,28,29,31
0,1,4,5,10,13,14,16,19,21,25,26,28,29
1,2,5,8,10,11,12,13,14,15,17,18,19,20,22,24,25,27,28,29,30,31
1,3,5,10,11,13,14,16,18,21,22,23,28,29,30,31
1,3,4,5,10,11,14,16,17,28
1,3,4,5,8,10,12,14,15,16,20,24,29,31
1,5,10,11,12,14,16,19,24,29,30,31
1,3,5,10,11,12,15,17,22,23,24,25,26,27,28,29,30,31
1,3,5,7,8,9,10,11,12,13,14,16,17,21,24,25,26,27,28,29,30,31
1,3,5,6,12,13,14,17,21,27,28,29,30,31
1,2,3,4,5,7,11,12,14,16,19,20,21,22,26,27,28,31
2,3,5,6,9,10,11,14,15,16,21,22,26,27,29,31
1,2,4,5,6,10,11,14,15,21,22,24,25,28
1,5,12,14,16,21,22,23,24,25,28,31
1,2,3,5,10,11,14,15,16,17,18,21,22,23,24,26,27,31
1,2,5,10,11,14,15,16,17,19,20,21,22,23,25,31
1,2,3,5,6,9,10,11,13,16,17,20,21,22,23,31
1,2,4,5,10,11,14,16,17,19,20,21,22,23,24,25,27,28,29,30
