1,3,4,5,8,9,10,11,13,16,18,19,20,22,23,26,27,33,35,36
0,2,3,4,5,6,7,8,9,10,11,12,13,14,16,17,18,19,20,21,22,23,24,25,26,27,28,29,30,31,32,34,35,36,37,38,39,40
1,18
0,1,4,17,27,31,34,36
0,1,3,5,7,8,9,10,11,12,13,14,15,17,18,19,20,21,22,23,24,25,26,27,28,29,30,31,32,33,34,36,37,39
0,1,4,6,7,8,9,11,17,18,19,20,21,22,23,24,28,29,30,31,32,33,34,35,36,38
1,5,8,9,14,15,16,17,18,19,22,25,28,29,31,35,36,38,39,40
1,4,5,8,9,10,11,13,15,17,19,20,22,23,25,27,28,30,31,32,33,34,38,40
0,1,4,5,6,7,9,10,12,14,15,16,19,20,22,23,24,25,28,29,31,32,33,34,35,36,37,38,39,40
0,1,4,5,6,7,8,10,11,12,13,14,15,16,17,18,19,20,21,22,23,24,25,26,27,28,29,31,32,33,34,35,36,37,39,40
0,1,4,7,8,9,11,12,13,15,18,19,20,23,24,28,29,30,32,33,38,39
0,1,4,5,7,9,10,12,13,14,15,16,17,18,19,20,21,22,23,24,26,27,28,29,30,31,33,34,35,38,39,40
1,4,8,9,10,11,13,15
0,1,4,7,9,10,11,12,14,16,19,22,23,24,26,37,38,40
1,4,6,8,9,11,13,16,20,23,26,28,36,37
4,6,7,8,9,10,11,12,16,17,18,22,26,27,28,32,33,35,36,38,39,40
0,1,6,8,9,11,13,14,15,17,20,21,22,25,28,29,30,31,32,34,35,36,37,40
1,3,4,5,6,7,9,11,15,16,18,19,20,21,22,23,24,25,26,27,28,29,30,31,32,34,35,36,37,38,39,40
0,1,2,4,5,6,9,10,11,15,17,19,20,21,22,23,24,25,26,27,29,30,31,32,33,34,36,37,39,40
0,1,4,5,6,7,8,9,10,11,13,17,18,28,29,32
0,1,4,5,7,8,9,10,11,14,16,17,18,22,27,39
1,4,5,9,11,16,17,18,24,31,39,40
0,1,4,5,6,7,8,9,11,13,15,16,17,18,20,30,32,39
0,1,4,5,7,8,9,10,11,13,14,17,18,24,25,26,27,29,31,36,38,40
1,4,5,8,9,10,11,13,17,18,21,23,26,27,30,32,34,35,36,39
1,4,6,7,8,9,16,17,18,23,27,32,37,38
0,1,4,9,11,13,14,15,17,18,23,24,27,30,31,33,35,37,39,40
0,1,3,4,7,9,11,15,17,18,20,23,24,25,26,28,29,31,34,35,37,40
1,4,5,6,7,8,9,10,11,14,15,16,17,19,27,30
1,4,5,6,8,9,10,11,16,17,18,19,23,27,30,31,32,33,34,36,37,38,39,40
1,4,5,7,10,11,16,17,18,22,24,26,28,29,31,32,33,34,35,36,37,38,39,40
1,3,4,5,6,7,8,9,11,16,17,18,21,23,26,27,29,30,32,34
1,4,5,7,8,9,10,15,16,17,18,19,22,24,25,29,30,31,33,34,35,36,38,40
0,4,5,7,8,9,10,11,15,18,26,29,30,32,34,37,38,39
1,3,4,5,7,8,9,11,16,17,18,24,27,29,30,31,32,33,36,37,38,40
0,1,5,6,8,9,11,15,16,17,24,26,27,30,32,36
0,1,3,4,5,6,8,9,14,15,16,17,18,23,24,29,30,32,34,35,38,40
1,4,8,9,13,14,16,17,18,25,26,27,29,30,33,34,39,40
1,5,6,7,8,10,11,13,15,17,23,25,29,30,32,33,34,36,39,40
1,4,6,8,9,10,11,15,17,18,20,21,22,24,26,29,30,33,37,38
1,6,7,8,9,11,13,15,16,17,18,21,23,26,27,29,30,32,34,36,37,38
