7,20
2,5,6,7,8,9,12,13,14,15,17,18,19,20,22,26
1,3,4,5,6,7,8,9,10,11,14,15,16,19,20,21,22,23,24,25,26,27
2,7,8,11,16,18,21,23,26,27
2,5,6,7,11,12,15,16,21,25,26,27
1,2,4,6,7,8,9,10,11,12,13,14,15,17,18,19,20,21,22,23,24,25,26,27
1,2,4,5,7,9,10,11,12,14,16,18,19,20,21,23,24,25,26,27
0,1,2,3,4,5,6,8,10,11,12,13,14,15,16,17,18,19,20,21,22,23,24,25,26,27
1,2,3,5,7,11,13,18,19,24
1,2,5,6,10,13,14,16,17,18,19,20,21,22,23,24,26,27
2,5,6,7,9,13,14,16,17,18,19,21,22,23,24,25
2,3,4,5,6,7,8,12,14,15,16,18,21,22,24,25
1,4,5,6,7,11,13,16,19,20,22,23,24,25
1,5,7,8,9,10,12,14,15,16,17,18,19,20,21,22,23,25,26,27
1,2,5,6,7,9,10,11,13,19,20,21,22,27
1,2,4,5,7,11,13,16,17,18,19,20,21,22,23,24,26,27
2,3,4,6,7,9,10,11,12,13,15,18,19,20,22,23,25,26
1,5,7,9,10,13,15,18,19,20,21,22,24,25,26,27
1,3,5,6,7,8,9,10,11,13,15,16,17,20,21,24,25,26
1,2,5,6,7,8,9,10,12,13,14,15,16,17,22,24,26,27
0,1,2,5,6,7,9,12,13,14,15,16,17,18,22,26
2,3,4,5,6,7,9,10,11,13,14,15,17,18,23,26
1,2,5,7,9,10,11,12,13,14,15,16,17,19,20,27
2,3,5,6,7,9,10,12,13,15,16,21,24,25,26,27
2,5,6,7,8,9,10,11,12,15,17,18,19,23,26,27
2,4,5,6,7,10,11,12,13,16,17,18,23,26
1,2,3,4,5,6,7,9,13,15,16,17,18,19,20,21,23,24,25,27
2,3,4,5,6,7,9,13,14,15,17,19,22,23,24,26
