3,4,6,7,8,9,11,12,14,15,17,18,23,24,25,27,31,35
2,3,4,5,6,7,8,9,10,11,12,13,14,16,17,18,19,20,21,23,25,26,27,28,29,30,32,33,34,35
1,3,4,6,9,12,15,17,19,28,29,30,32,35
0,1,2,4,5,6,7,8,9,10,12,13,14,16,17,19,20,21,22,23,24,25,26,27,28,29,30,31,32,33,34,35
0,1,2,3,5,7,8,9,10,11,12,13,16,17,18,19,22,23,25,26,27,29,30,31,32,33
1,3,4,12,13,21,22,24,27,30,31,33
0,1,2,3,8,9,12,13,15,16,17,18,19,20,21,24,27,30,31,32,34,35
0,1,3,4,8,9,10,11,13,14,15,16,17,18,19,20,21,22,23,24,26,27,28,29,30,31,32,33,34,35
0,1,3,4,6,7,10,11,12,13,14,15,16,17,18,20,21,22,24,25,26,27,28,29,30,31,32,33,34,35
0,1,2,3,4,6,7,13
1,3,4,7,8,13,14,17,18,19,20,21,22,25,27,28,29,30,31,32
0,1,4,7,8,12,13,14,15,16,17,18,19,20,21,22,23,24,26,27,29,31,32,33,34,35
0,1,2,3,4,5,6,8,11,13,15,16,17,18,19,20,23,24,26,27,31,32,34,35
1,3,4,5,6,7,8,9,10,11,12,16,18,19,21,24,25,26,29,30,31,32,33,34
0,1,3,7,8,10,11,16,17,19,20,23,25,26,27,28,32,34
0,2,6,7,8,11,12,17,20,21,23,27,33,34
1,3,4,6,7,8,11,12,13,14,17,19,21,26,28,29,30,31
0,1,2,3,4,6,7,8,10,11,12,14,15,16,18,19,20,21,22,23,24,25,26,27,29,30,31,32,34,35
0,1,4,6,7,8,10,11,12,13,17,19,20,23,24,25,26,28,29,30,31,33
1,2,3,4,6,7,10,11,12,13,14,16,17,18,21,35
1,3,6,7,8,10,11,12,14,15,17,18,26,29
1,3,5,6,7,8,10,11,13,15,16,17,19,22,23,24,26,27,28,29,30,31,32,33,34,35
3,4,5,7,8,10,11,17,21,23
0,1,3,4,7,11,12,14,15,17,18,21,22,27,28,29,30,31,33,34
0,3,5,6,7,8,11,12,13,17,18,21,26,28,31,32,33,34
0,1,3,4,8,10,13,14,17,18,26,27,30,31,32,33,34,35
1,3,4,7,8,11,12,13,14,16,17,18,20,21,24,25,27,28,29,30,31,33,34,35
0,1,3,4,5,6,7,8,10,11,12,14,15,17,21,23,25,26,28,31,32,33,34,35
1,2,3,7,8,10,14,16,18,21,23,24,26,27,29,31
1,2,3,4,7,8,10,11,13,16,17,18,20,21,23,26,28,31
1,2,3,4,5,6,7,8,10,13,16,17,18,21,23,25,26,32,33,34
0,3,4,5,6,7,8,10,11,12,13,16,17,18,21,23,24,25,26,27,28,29,32,33
1,2,3,4,6,7,8,10,11,12,13,14,17,21,24,25,27,30,31,33
1,3,4,5,7,8,11,13,15,18,21,23,24,25,26,27,30,31,32,34
1,3,6,7,8,11,12,13,14,15,17,21,23,24,25,26,27,30,33,35
0,1,2,3,6,7,8,11,12,17,19,21,25,26,27,34
