1,2,3,4,5,7,8,9,10,11,13,14,15,16,17,18,19,20,21,22,23,25,27,28,30,31,32,33,34,35,36,38,39,40,41,42,43,44
0,4,6,9,10,14,19,20,21,25,26,27,28,37,38,39,41,42
0,5,7,11,13,14,19,21,23,24,25,27,32,37,42,44
0,4,5,6,7,10,12,13,15,16,17,18,19,20,21,22,25,28,30,31,33,34,35,39,40,41,42,44
0,1,3,14
0,2,3,6,8,14,16,20,31,33,35,36,38,39
1,3,5,7,10,11,12,14,15,16,18,19,20,24,25,27,29,31,32,33,34,36,37,38,39,40,42,43
0,2,3,6,8,16
0,5,7,15,21,31
0,1,13,14,24,26,27,28,31,32,34,35,36,37,39,40,42,43
0,1,3,6,13,18,19,20,21,22,24,25,26,28,30,31,32,33,34,37,39,41,42,43
0,2,6,12,19,23,27,34,36,38,42,44
3,6,11,13,15,19,23,24,25,27,31,34,35,36,37,38
0,2,3,9,10,12,19,37,40,41
0,1,2,4,5,6,9,15,16,17,19,20,21,22,25,26,28,30,31,32,34,35,36,37,39,40,41,42,43,44
0,3,6,8,12,14,21,23,30,31,33,39
0,3,5,6,7,14,17,18,19,20,21,26,27,32,34,37,39,43
0,3,14,16,18,19,22,23,24,25,30,31,32,34,36,38,40,44
0,3,6,10,16,17,20,23,25,26,27,28,29,30,31,32,33,34,36,38,39,42,43,44
0,1,2,3,6,10,11,12,13,14,16,17,20,33
0,1,3,5,6,10,14,16,18,19,21,22,25,26,27,32,33,34,35,37
0,1,2,3,8,10,14,15,16,20,22,23,25,26,27,29,31,32,33,38,39,40,42,44
0,3,10,14,17,20,21,26,27,28,29,30,32,33,34,35,36,37,38,40,41,42,43,44
0,2,11,12,15,17,18,21,28,31,34,35,37,42
2,6,9,10,12,17,25,30,39,44
0,1,2,3,6,10,12,14,17,18,20,21,24,28,30,33,34,40,42,43
1,9,10,14,16,18,20,21,22,27,31,32,37,38,42,43
0,1,2,6,9,11,12,16,18,20,21,22,26,29,30,31,33,34,35,37,38,40,41,43
0,1,3,9,10,14,18,22,23,25,29,30,31,32,33,34,35,36,37,38,39,40,41,42,43,44
6,18,21,22,27,28,33,34,35,37,39,40
0,3,10,14,15,17,18,22,24,25,27,28,40,41
0,3,5,6,8,9,10,12,14,15,17,18,21,23,26,27,28,32,34,36,37,38,39,40,41,42,43,44
0,2,6,9,10,14,16,17,18,20,21,22,26,28,31,33,36,38,43,44
0,3,5,6,10,15,18,19,20,21,22,25,27,28,29,32,34,35,38,40
0,3,6,9,10,11,12,14,16,17,18,20,22,23,25,27,28,29,31,33,36,38,39,40,41,43
0,3,5,9,12,14,20,22,23,27,28,29,33,37,43,44
0,5,6,9,11,12,14,17,18,22,28,31,32,34,37,38,39,40,41,42,43,44
1,2,6,9,10,12,13,14,16,20,22,23,26,27,28,29,31,35,36,38,39,40
0,1,5,6,11,12,17,18,21,22,26,27,28,31,32,33,34,36,37,39,40,42,43,44
0,1,3,5,6,9,10,14,15,16,18,21,24,28,29,31,34,36,37,38,40,41,42,44
0,3,6,9,13,14,17,21,22,25,27,28,29,30,31,33,34,36,37,38,39,44
0,1,3,10,13,14,22,27,28,30,31,34,36,39,42,43
0,1,2,3,6,9,10,11,14,18,21,22,23,25,26,28,31,36,38,39,41,43
0,6,9,10,14,16,18,22,25,26,27,28,31,32,34,35,36,38,41,42
0,2,3,11,14,17,18,21,22,24,28,31,32,35,36,38,39,40
