1,3,5,7,8,9,10,16,19,21,22,23,24,25,26,28,29,30,31,34,39,44,45,46,50,52
0,20,23,28,37,39
3,4,5,6,7,8,9,10,11,12,13,14,15,16,17,18,19,20,21,22,23,24,25,26,27,28,29,30,31,32,33,34,35,36,37,38,39,40,41,42,43,44,45,46,47,48,49,50,51,52
0,2,4,5,6,7,8,9,10,11,12,13,14,15,16,17,18,19,20,21,22,23,24,25,26,27,28,29,30,31,32,33,34,35,36,37,38,39,40,41,42,43,44,45,46,47,49,50,51,52
2,3,5,6,7,9,10,11,12,13,14,15,17,18,19,20,21,22,23,24,25,26,27,28,29,30,31,32,33,35,36,37,38,39,41,42,43,44,45,46,47,48,49,50,51,52
0,2,3,4,11,12,13,14,16,18,21,22,26,29,30,38,39,41,46,49
2,3,4,7,8,9,10,12,13,15,16,21,22,24,26,27,28,29,32,33,34,38,41,43,45,47,48,49,50,52
0,2,3,4,6,8,9,10,11,12,13,14,15,16,17,18,19,20,21,22,23,24,25,26,27,29,30,32,33,34,35,36,37,38,39,40,41,42,43,44,45,46,47,48,49,50,51,52
0,2,3,6,7,10,12,13,14,16,18,19,24,27,32,34,35,42,48,52
0,2,3,4,6,7,12,13,20,28,30,32,33,34,49,50
0,2,3,4,6,7,8,11,14,15,25,34,37,39,43,45,49,51
2,3,4,5,7,10,12,13,14,15,16,17,18,19,20,21,22,23,24,25,26,27,28,29,30,31,32,33,35,36,39,40,41,42,43,44,45,46,47,48,49,50,51,52
2,3,4,5,6,7,8,9,11,13,14,15,16,17,18,20,21,22,23,24,25,26,27,29,30,31,32,33,34,35,36,37,38,39,40,41,43,44,45,46,47,48,49,50,51,52
2,3,4,5,6,7,8,9,11,12,16,17,22,23,25,29,30,33,34,35,37,38,40,41,43,45,48,49
2,3,4,5,7,8,10,11,12,17,18,19,20,21,22,23,25,26,28,30,31,33,34,35,36,37,39,40,41,42,44,45,46,47,49,50,51,52
2,3,4,6,7,10,11,12,27,31,33,39
0,2,3,5,6,7,8,11,12,13,20,21,22,23,25,34,41,43,47,50
2,3,4,7,11,12,13,14,18,19,21,22,23,24,25,26,28,29,30,31,32,33,34,35,36,37,38,39,40,41,42,43,44,45,47,48,49,50,51,52
2,3,4,5,7,8,11,12,14,17,19,20,21,22,23,28,30,31,33,35,38,39,40,41,43,47,48,51
0,2,3,4,7,8,11,14,17,18,20,21,22,23,25,26,27,28,30,32,33,36,37,39,40,41,42,43,44,45,47,48,49,50,51,52
1,2,3,4,7,9,11,12,14,16,18,19,23,28,34,36,37,40,41,44,47,52
0,2,3,4,5,6,7,11,12,14,16,17,18,19,24,27,28,31,32,33,34,35,36,37,38,41,42,43,45,46,47,49,50,51
0,2,3,4,5,6,7,11,12,13,14,16,17,18,19,23,25,28,31,35,39,40,42,46
0,1,2,3,4,7,11,12,13,14,16,17,18,19,20,22,24,25,27,28,29,33,35,36,38,42,43,47,49,52
0,2,3,4,6,7,8,11,12,17,21,23,25,26,27,28,29,30,31,32,33,34,35,39,40,41,42,43,45,46,47,48,50,51
0,2,3,4,7,10,11,12,13,14,16,17,19,22,23,24,27,34,35,37,39,43,44,46,49,50
0,2,3,4,5,6,7,11,12,14,17,19,24,48
2,3,4,6,7,8,11,12,15,19,21,23,24,25,32,33,35,36,39,41,43,44,45,46,49,50,51,52
0,1,2,3,4,6,9,11,14,17,18,19,20,21,22,23,24,34,39,42,47,51
0,2,3,4,5,6,7,11,12,13,17,23,24,35,42,50
0,2,3,4,5,7,9,11,12,13,14,17,18,19,24,31,32,33,34,35,36,37,38,39,41,42,44,45,46,47,48,49,50,51
0,2,3,4,11,12,14,15,17,18,21,22,24,30,32,43,44,49,50,51
2,3,4,6,7,8,9,11,12,17,19,21,24,27,30,31,33,34,35,37,38,39,40,41,42,43,44,45,46,49,51,52
2,3,4,6,7,9,11,12,13,14,15,17,18,19,21,23,24,27,30,32,35,41,47,50
0,2,3,6,7,8,9,10,12,13,14,16,17,20,21,24,25,28,30,32,35,42
2,3,4,7,8,11,12,13,14,17,18,21,22,23,24,25,27,29,30,32,33,34,36,37,39,41,42,43,44,45,46,49,50,51
2,3,4,7,11,12,14,17,19,20,21,23,27,30,35,38,40,41,42,43,44,46,48,50,51,52
1,2,3,4,7,10,12,13,14,17,19,20,21,25,30,32,35,41,44,50
2,3,4,5,6,7,12,13,17,18,21,23,30,32,36,39,48,49
0,1,2,3,4,5,7,10,11,12,14,15,17,18,19,22,24,25,27,28,30,32,35,38,44,49
2,3,7,11,12,13,14,17,18,19,20,22,24,32,36,43,47,52
2,3,4,5,6,7,11,12,13,14,16,17,18,19,20,21,24,27,30,32,33,35,36,37,43,46,48,50
2,3,4,7,8,11,14,17,19,21,22,23,24,28,29,30,32,34,35,36,45,48,50,52
2,3,4,6,7,10,11,12,13,16,17,18,19,21,23,24,25,27,31,32,35,36,40,41,44,45,46,47,48,50,51,52
0,2,3,4,7,11,12,14,17,19,20,25,27,30,31,32,35,36,37,39,43,48
0,2,3,4,6,7,10,11,12,13,14,17,19,21,24,27,30,32,35,42,43,46,47,49,51,52
0,2,3,4,5,7,11,12,14,21,22,24,25,27,30,32,35,36,41,43,45,47,48,50
2,3,4,6,7,11,12,14,16,17,18,19,20,21,23,24,28,30,33,40,43,45,46,51
2,4,6,7,8,11,12,13,17,18,19,24,26,30,36,38,41,42,43,44,46,50
2,3,4,5,6,7,9,10,11,12,13,14,17,19,21,23,25,27,30,31,32,35,38,39,45,51
0,2,3,4,6,7,9,11,12,14,16,17,19,21,24,25,27,29,30,31,33,35,36,37,41,42,43,46,48,51
2,3,4,7,10,11,12,14,17,18,19,21,24,27,28,30,31,32,35,36,43,45,47,49,50,52
0,2,3,4,6,7,8,11,12,14,17,19,20,23,27,32,36,40,42,43,45,51
