1,2,4,6,13,23,26,29,34,36
0,2,3,4,5,6,7,8,9,11,12,14,16,17,18,19,21,22,23,25,26,27,29,30,32,34,35,36,37,39,40,41,42,43,46,48
0,1,4,11,15,19,21,23,26,32,38,40,41,42
1,4,5,6,7,8,9,10,11,12,13,14,15,16,17,18,19,20,21,24,25,26,27,28,29,30,31,33,34,35,36,37,38,39,40,41,42,44,45,46,47,48
0,1,2,3,6,9,10,11,13,28,30,32,33,38,40,41
1,3,6,7,8,9,21,27,28,33,35,42
0,1,3,4,5,7,8,9,10,11,13,16,17,18,24,27,29,30,31,33,34,35,36,37,38,39,40,42,44,48
1,3,5,6,8,9,10,11,12,14,15,16,19,22,24,26,27,29,30,31,32,34,36,38,41,42,43,45,46,48
1,3,5,6,7,10,11,13,15,17,18,23,25,27,29,30,31,32,33,35,36,37,38,41,42,43,44,46,47,48
1,3,4,5,6,7,10,11,12,13,16,17,19,20,23,24,27,28,29,30,32,36,37,38,39,42,45,48
3,4,6,7,8,9,12,16,26,33,40,44
1,2,3,4,6,7,8,9,12,13,15,18,19,20,21,22,23,24,26,27,28,29,31,32,34,35,36,37,38,39,40,41,42,44,45,46,47,48
1,3,7,9,10,11,13,14,16,17,18,19,20,21,22,23,25,26,27,28,30,32,33,34,35,36,37,38,40,41,42,43,44,45,46,48
0,3,4,6,8,9,11,12,16,21,28,31,33,37,39,41,44,47
1,3,7,12,15,16,21,23,26,27,29,33,34,35,37,39,41,42,44,45,47,48
2,3,7,8,11,14,16,20,24,25,27,28,30,32,33,34,36,37,42,44
1,3,6,7,9,10,12,13,14,15,17,18,19,20,21,22,23,25,27,28,29,30,31,33,34,36,37,38,39,40,41,42,43,44,45,46,47,48
1,3,6,8,9,12,16,18,19,21,22,23,24,25,26,27,28,29,30,31,32,33,34,35,36,37,38,39,40,41,42,43,44,45,47,48
1,3,6,8,11,12,16,17,19,21,22,23,24,25,26,28,29,30,31,32,33,36,37,38,39,41,43,44,45,46,47,48
1,2,3,7,9,11,12,16,17,18,22,23,24,26,33,35,39,40
3,9,11,12,15,16,22,24,25,26,29,31,34,35,36,37,38,39,40,44,46,47
1,2,3,5,11,12,13,14,16,17,18,23,24,25,31,35,37,40
1,7,11,12,16,17,18,19,20,23,24,25,26,27,28,30,32,33,34,35,36,37,38,39,40,41,42,43,45,46
0,1,2,8,9,11,12,14,16,17,18,19,21,22,25,26,27,28,29,30,33,34,35,39,40,42,43,44,45,47
3,6,7,9,11,15,17,18,19,20,21,22,31,32,35,37,41,42,43,46
1,3,8,12,15,16,17,18,20,21,22,23,27,32,34,35,36,38,39,42,43,45,46,48
0,1,2,3,7,10,11,12,14,17,18,19,20,22,23,27,28,29,32,33,35,36,37,38,39,40,41,42,43,44,46,48
1,3,5,6,7,8,9,11,12,14,15,16,17,22,23,25,26,28,29,30,32,33,34,35,36,37,38,39,40,41,42,43,44,45,46,48
3,4,5,9,11,12,13,15,16,17,18,22,23,26,27,29,30,31,32,33,34,36,37,38,40,41,42,46,47,48
0,1,3,6,7,8,9,11,14,16,17,18,20,23,26,27,28,30,31,32,33,34,35,36,37,38,39,40,42,43,45,46,47,48
1,3,4,6,7,8,9,12,15,16,17,18,22,23,27,28,29,32
3,6,7,8,11,13,16,17,18,20,21,24,28,29,32,33,34,35,36,37,38,39,40,42,43,44,45,46,47,48
1,2,4,7,8,9,11,12,15,17,18,22,24,25,26,27,28,29,30,31,40,47
3,4,5,6,8,10,12,13,14,15,16,17,18,19,22,23,26,27,28,29,31,42
0,1,3,6,7,11,12,14,15,16,17,20,22,23,25,27,28,29,31,39
1,3,5,6,8,11,12,14,17,19,20,21,22,23,24,25,26,27,29,31,36,38,39,43,44,45,46,47
0,1,3,6,7,8,9,11,12,15,16,17,18,20,22,25,26,27,28,29,31,35,37,38,39,40,42,43,45,46,47,48
1,3,6,8,9,11,12,13,14,15,16,17,18,20,21,22,24,26,27,28,29,31,36,38,39,43,44,46
2,3,4,6,7,8,9,11,12,16,17,18,20,22,25,26,27,28,29,31,35,36,37,40,45,46
1,3,6,9,11,13,14,16,17,18,19,20,22,23,25,26,27,29,31,34,35,36,37,42
1,2,3,4,6,10,11,12,16,17,19,20,21,22,23,26,27,28,29,31,32,36,38,42,43,46
1,2,3,4,7,8,11,12,13,14,16,17,18,22,24,26,27,28,42,43,44,45,47,48
1,2,3,5,6,7,8,9,11,12,14,15,16,17,22,23,24,25,26,27,28,29,31,33,36,39,40,41,43,44,45,46,47,48
1,7,8,12,16,17,18,22,23,24,25,26,27,29,31,35,36,37,40,41,42,46
3,6,8,10,11,12,13,14,15,16,17,18,20,23,26,27,31,35,37,41,42,45
3,7,9,11,12,14,16,17,18,22,23,25,27,29,31,35,36,38,41,42,44,48
1,3,7,8,11,12,16,18,20,22,24,25,26,27,28,29,31,35,36,37,38,40,42,43,47,48
3,8,11,13,14,16,17,18,20,23,28,29,31,32,35,36,41,42,46,48
1,3,6,7,8,9,11,12,14,16,17,18,25,26,27,28,29,31,36,41,42,45,46,47
