1,2,3,4,5,7,8,12,13,15,16,21,22,23,26,27,28,29,30,31,32,33,34,35,36,41,43,45,46,47,49,50,52,53,55,57
0,2,3,4,5,7,8,10,11,12,13,15,16,18,19,20,21,22,23,24,25,26,27,30,31,32,33,34,35,37,38,39,40,41,43,44,45,46,47,48,49,50,51,52,53,54,55,56,57,58
0,1,3,4,6,8,9,11,12,13,17,19,20,21,22,23,25,29,30,31,32,33,34,35,36,37,38,40,41,42,43,44,45,46,47,48,49,50,51,52,54,56,57,58
0,1,2,8,11,14,15,30
0,1,2,9,10,12,14,15,16,18,20,21,23,24,25,27,28,35,45,48,49,53,54,55
0,1,9,12,20,33,35,42,50,51,52,54
2,7,12,13,14,16,17,18,22,24,25,26,28,29,30,36,37,43,46,47,48,50,52,54
0,1,6,56
0,1,2,3,16,18,30,39
2,4,5,18,22,43,48,51,53,56
1,4,11,12,13,14,15,16,17,18,19,20,21,22,25,26,27,28,29,30,31,32,33,34,35,36,37,38,39,42,43,44,45,48,49,50,51,52,53,54,55,56,57,58
1,2,3,10,32,52,55,56
0,1,2,4,5,6,10,14,16,18,20,21,23,25,27,28,29,31,33,35,38,39,40,41,42,43,44,45,46,47,48,49,52,53,54,55,57,58
0,1,2,6,10,14,15,16,17,19,20,21,23,24,26,27,28,29,30,31,35,36,37,38,39,41,44,47,50,51,52,53,54,56,57,58
3,4,6,10,12,13,15,21,26,28,29,33,35,36,37,44,45,50
0,1,3,4,10,13,14,26,33,34,41,43,48,54,56,58
0,1,4,6,8,10,12,13,17,18,19,20,21,22,23,24,25,26,27,28,29,30,31,32,33,34,35,37,38,39,40,41,42,43,44,45,46,47,48,50,52,53,54,55,56,58
2,6,10,13,16,32
1,4,6,8,9,10,12,16,19,20,21,22,23,25,27,28,29,30,33,34,35,36,37,38,39,42,43,44,45,46,47,49,50,51,53,54,55,56,57,58
1,2,10,13,16,18,20,22,23,24,25,26,27,28,29,30,31,32,33,34,35,36,38,39,40,41,42,43,44,45,46,47,49,50,51,52,53,54,55,56,57,58
1,2,4,5,10,12,13,16,18,19,21,23,24,27,30,31,32,33,35,38,40,41,42,43,44,45,48,49,50,51,53,56,57,58
0,1,2,4,10,12,13,14,16,18,20,23,32,35,36,37,38,44,48,55
0,1,2,6,9,10,16,18,19,43,50,52
0,1,2,4,12,13,16,18,19,20,21,24,35,38,39,40,41,44,45,49,50,52,55,56,57,58
1,4,6,13,16,19,20,23,25,26,29,30,31,34,38,40,41,42,44,45,47,53,56,57
1,2,4,6,10,12,16,18,19,24,28,31,34,37,38,39,41,45,50,51,54,58
0,1,6,10,13,14,15,16,19,24,32,34,38,41,42,45,49,52,55,58
0,1,4,10,12,13,16,18,19,20,30,32,35,45,52,54
0,4,6,10,12,13,14,16,18,19,25,38,41,50,55,58
0,2,6,10,12,13,14,16,18,19,24,37,38,50
0,1,2,3,6,8,10,13,16,18,19,20,24,27,32,33,37,38,39,42,43,44,45,46,47,50,51,52,53,55,56,58
0,1,2,10,12,13,16,19,20,24,25,32,34,36,37,38,40,42,44,45,46,50,54,56
0,1,2,10,11,16,17,19,20,21,26,27,30,31,34,36,38,39,40,41,45,46,47,49,50,51,53,54,55,57
0,1,2,5,10,12,14,15,16,18,19,20,30,35,37,39,40,43,44,45,47,49,51,53,54,57
0,1,2,10,15,16,18,19,24,25,26,31,32,35,37,38,39,40,41,43,44,45,46,47,49,50,51,52,53,54,55,58
0,1,2,4,5,10,12,13,14,16,18,19,20,21,23,27,33,34,36,37,38,39,40,49,50,58
0,2,6,10,13,14,18,19,21,31,32,35,38,42,43,45,53,55
1,2,6,10,13,14,16,18,21,25,29,30,31,33,34,35,40,44,46,48,51,52,53,54,55,58
1,2,10,12,13,16,18,19,20,21,23,24,25,26,28,29,30,31,32,34,35,36,39,40,42,43,45,47,48,49,50,51,52,55,57,58
1,8,10,12,13,16,18,19,23,25,30,32,33,34,35,38,40,46,51,55
1,2,12,16,19,20,23,24,31,32,33,34,35,37,38,39,46,58
0,1,2,12,13,15,16,19,20,23,24,25,26,28,32,34,42,46,47,52,53,56,57,58
2,5,10,12,16,18,19,20,24,26,30,31,36,38,41,43,44,45,46,47,48,49,50,51,52,53,54,55,56,57
0,1,2,6,9,10,12,15,16,18,19,20,22,30,33,34,36,38,42,44,45,46,47,48,49,51,52,53,54,56,57,58
1,2,10,12,13,14,16,18,19,20,21,23,24,30,31,33,34,37,42,43,46,47,48,50,51,52,53,54,55,56,57,58
0,1,2,4,10,12,14,16,18,19,20,23,24,25,26,27,30,31,32,33,34,36,38,42,43,50
0,1,2,6,12,16,18,19,30,31,32,34,37,39,40,41,42,43,44,49,51,53
0,1,2,6,12,13,16,18,19,24,30,32,33,34,38,41,42,43,44,48,49,50,51,53,54,56,57,58
1,2,4,6,9,10,12,15,16,20,21,37,38,42,43,44,47,49,50,51,52,53,54,55,56,57
0,1,2,4,10,12,18,19,20,23,26,32,33,34,35,38,42,43,46,47,48,55
0,1,2,5,6,10,13,14,16,18,19,20,22,23,25,28,29,30,31,32,34,35,38,42,44,45,47,48,51,55,56,58
1,2,5,9,10,13,18,19,20,25,30,32,33,34,37,38,39,42,43,44,46,47,48,50,57,58
0,1,2,5,6,10,11,12,13,16,19,22,23,26,27,30,34,37,38,41,42,43,44,48,54,55
0,1,4,9,10,12,13,16,18,19,20,24,30,32,33,34,36,37,41,42,43,44,46,47,48,54,55,58
1,2,4,5,6,10,12,13,15,16,18,19,25,27,31,32,33,34,37,42,43,44,47,48,52,53,55,56,57,58
0,1,4,10,11,12,16,18,19,21,23,26,28,30,32,34,36,37,38,39,42,44,48,49,50,52,53,54,56,57
1,2,7,9,10,11,13,15,16,18,19,20,23,24,30,31,41,42,43,44,47,48,50,54,55,57
0,1,2,10,12,13,18,19,20,23,24,32,33,38,41,42,43,44,47,48,51,54,55,56
1,2,10,12,13,15,16,18,19,20,23,25,26,28,30,34,35,37,38,40,41,43,44,47,50,51,53,54
