2,3,4,5,6,7,8,9,10,11,12,13,14,15,16,17,18,19,20,21
3,7,8,9,12,13,14,16,17,19,20,21
0,3,4,5,6,7,8,9,10,11,12,13,15,16,17,18,20,21
0,1,2,11,12,21
0,2,15,16
0,2,7,8,9,10,11,12,13,14,16,18,19,20
0,2,9,15,17,19
0,1,2,5,8,10,15,20
0,1,2,5,7,10,13,15,16,17,18,19,20,21
0,1,2,5,6,10,17,21
0,2,5,7,8,9,11,12,13,14,15,16,17,18,20,21
0,2,3,5,10,15
0,1,2,3,5,10,14,16,20,21
0,1,2,5,8,10,15,21
0,1,5,10,12,16,18,19,20,21
0,2,4,6,7,8,10,11,13,21
0,1,2,4,5,8,10,12,14,17,20,21
0,1,2,6,8,9,10,16,20,21
0,2,5,8,10,14,19,21
0,1,5,6,8,14,18,21
0,1,2,5,7,8,10,12,14,16,17,21
0,1,2,3,8,9,10,12,13,14,15,16,17,18,19,20
