1,2,3,4,5,6,7,8,9,10,11,12,13,14,15,16,17,18,19,20,21,22,23,24,25,26,27,28,29,30,31,32,33,34,35,36
0,2,3,4,5,6,7,9,10,11,12,15,18,19,20,21,23,24,25,26,27,28,29,30,31,33,34,35
0,1,3,7,8,9,10,11,14,15,16,17,19,20,22,23,24,25,26,27,28,29,30,31,32,33,34,35
0,1,2,6,9,10,26,30,31,32,33,34
0,1,5,7,8,10,11,12,15,16,21,22,23,25,26,27,28,29,31,36
0,1,4,6,7,8,9,10,14,17,18,20,21,22,23,24,25,27,28,29,30,32,33,34
0,1,3,5,7,10,19,20,24,25,28,31,35,36
0,1,2,4,5,6,8,25
0,2,4,5,7,32
0,1,2,3,5,22,23,27
0,1,2,3,4,5,6,23,26,28
0,1,2,4,16,17,19,25,32,35
0,1,4,14
0,18,24,35
0,2,5,12,15,17,25,27,29,31,33,35
0,1,2,4,14,16,18,29,30,34,35,36
0,2,4,11,15,17
0,2,5,11,14,16,18,21,22,23,31,32,35,36
0,1,5,13,15,17,20,24,25,26,27,28,29,30,31,32,33,34
0,1,2,6,11,20,21,23,24,27,29,32,34,36
0,1,2,5,6,18,19,21,22,23,24,25,27,28,29,30,31,32,33,34,35,36
0,1,4,5,17,19,20,22,25,27,32,33
0,2,4,5,9,17,20,21,23,24,25,26,27,28,31,32,33,34,35,36
0,1,2,4,5,9,10,17,19,20,22,24,25,29,33,34
0,1,2,5,6,13,18,19,20,22,23,25,26,28,29,31,32,33,34,35
0,1,2,4,5,6,7,11,14,18,20,21,22,23,24,28,29,34
0,1,2,3,4,10,18,22,24,27,28,29,30,31,32,33
0,1,2,4,5,9,14,18,19,20,21,22,26,31,32,34,35,36
0,1,2,4,5,6,10,18,20,22,24,25,26,29,30,31,33,36
0,1,2,4,5,14,15,18,19,20,23,24,25,26,28,31,34,35
0,1,2,3,5,15,18,20,26,28,32,35
0,1,2,3,4,6,14,17,18,20,22,24,26,27,28,29,35,36
0,2,3,5,8,11,17,18,19,20,21,22,24,26,27,30,34,35
0,1,2,3,5,14,18,20,21,22,23,24,26,28,35,36
0,1,2,3,5,15,18,19,20,22,23,24,25,27,29,32,35,36
0,1,2,6,11,13,14,15,17,20,22,24,27,29,30,31,32,33,34,36
0,4,6,15,17,19,20,22,27,28,31,33,34,35
