1,2,3,5,6,7,9,10,11,13,14,15,16,19,20,22,24,29,30,31,32,33
0,3,6,8,9,10,14,17,20,23,24,29,31,33
0,6,7,8,11,12,13,15,17,19,22,23,24,25,27,28,30,31,32,33
0,1,6,7,9,12,16,17,19,20,22,24,25,26,29,30,31,32
5,7,11,13,15,18,19,24,26,27,28,31,32,33
0,4,6,7,13,19,26,31
0,1,2,3,5,11,19,23
0,2,3,4,5,12
1,2,20,28
0,1,3,13,15,20,22,24,25,26,27,28,30,33
0,1,11,12,13,14,15,16,17,19,20,22,23,25,26,27,28,29,30,31
0,2,4,6,10,12,14,17,19,21,25,27,28,30,32,33
2,3,7,10,11,31
0,2,4,5,9,10,14,16,18,24,28,30,32,33
0,1,10,11,13,15,16,17,19,21,24,25,26,27,28,29,30,31,32,33
0,2,4,9,10,14,16,17,18,20,21,22,24,25,27,28,29,30,32,33
0,3,10,13,14,15,18,19,21,23,28,33
1,2,3,10,11,14,15,18,26,27
4,13,15,16,17,20,23,25,26,27,29,32
0,2,3,4,5,6,10,11,14,16,21,26,31,32
0,1,3,8,9,10,15,18,21,22,23,24,25,26,27,28,29,30,31,32
11,14,15,16,19,20,22,24,25,26,27,28,30,31,32,33
0,2,3,9,10,15,20,21,23,25,26,27,29,30,31,33
1,2,6,10,16,18,20,22,25,26,27,30,31,32
0,1,2,3,4,9,13,14,15,20,21,26,27,29,31,32
2,3,9,10,11,14,15,18,20,21,22,23,28,30
3,4,5,9,10,14,17,18,19,20,21,22,23,24,30,31,32,33
2,4,9,10,11,14,15,17,18,20,21,22,23,24,28,29,30,31,32,33
2,4,8,9,10,11,13,14,15,16,20,21,25,27,29,31,32,33
0,1,3,10,14,15,18,20,22,24,27,28,31,33
0,2,3,9,10,11,13,14,15,20,21,22,23,25,26,27,31,33
0,1,2,3,4,5,10,12,14,19,20,21,22,23,24,26,27,28,29,30,32,33
0,2,3,4,11,13,14,15,18,19,20,21,23,24,26,27,28,31
0,1,2,4,9,11,13,14,15,16,21,22,26,27,28,29,30,31
