1,2,5,6,9,10,11,12,13,14,15,17,18,19,20,22,23,25,26,27,28,29,31,32,35,37,38,39,40,41,42,43,46,47,48,49
0,2,3,4,5,6,7,8,9,10,11,12,13,15,16,18,20,21,22,23,24,27,28,29,30,31,32,33,34,35,36,37,38,39,40,41,42,44,46,47,48,49
0,1,3,4,5,6,9,10,15,16,19,20,21,22,24,25,26,30,31,32,33,35,36,37,38,39,42,43,44,47,48,49
1,2,4,7,9,10,11,17,18,19,22,23,24,29,30,31,33,36,37,38,39,41,42,44,47,49
1,2,3,6,7,9,12,16,22,23,26,27,28,29,30,32,35,36,38,40,41,42,44,45,47,48
0,1,2,6,7,8,9,10,11,12,13,14,15,16,17,18,19,20,21,22,23,24,26,27,28,29,30,31,32,33,34,35,36,37,38,39,40,41,42,43,44,45,46,47,48,49
0,1,2,4,5,7,8,9,10,12,13,15,16,17,21,22,24,26,28,29,31,33,36,39,42,43,45,46,48,49
1,3,4,5,6,45
1,5,6,41
0,1,2,3,4,5,6,10,12,17,21,22,24,26,27,28,29,31,33,38,39,41,43,44,46,49
0,1,2,3,5,6,9,40
0,1,3,5,12,15,21,29,33,34,37,40,45,46,47,49
0,1,4,5,6,9,11,14,16,24,27,36,37,40,41,45
0,1,5,6,45,48
0,5,12,15,17,18,21,24,26,27,28,29,30,31,33,34,35,36,37,38,39,40,41,42,43,44,45,47,48,49
0,1,2,5,6,11,14,16,18,20,22,23,24,25,26,28,29,30,31,33,36,37,38,39,41,42,44,49
1,2,4,5,6,12,15,20,22,28,37,42,46,48
0,3,5,6,9,14,19,24,25,27,29,32,37,40,41,48
0,1,3,5,14,15,19,22,25,29,31,39,40,45
0,2,3,5,17,18,21,23,25,27,28,30,31,34,36,37,40,45,46,47,48,49
0,1,2,5,15,16,21,23,24,25,26,27,28,29,30,31,32,33,35,36,37,38,39,40,41,42,43,44,45,46,48,49
1,2,5,6,9,11,14,19,20,22,23,25,26,27,28,29,30,31,32,33,34,35,36,37,38,39,40,41,42,43,44,46,47,49
0,1,2,3,4,5,6,9,15,16,18,21,23,24,25,26,27,28,29,30,31,32,33,34,35,36,37,38,39,42,43,44,45,46,47,49
0,1,3,4,5,15,19,20,21,22,40,45
1,2,3,5,6,9,12,14,15,17,20,22,25,26,27,28,29,30,31,32,33,34,35,36,37,39,40,41,42,43,44,45,46,47,48,49
0,2,15,17,18,19,20,21,22,24,31,35,44,45,47,49
0,2,4,5,6,9,14,15,20,21,22,24,40,43
0,1,4,5,9,12,14,17,19,20,21,22,24,28,29,31,32,36,39,42,44,45
0,1,4,5,6,9,14,15,16,19,20,21,22,24,27,29,30,31,32,33,34,36,37,38,40,41,42,43,44,45,46,47,48,49
0,1,3,4,5,6,9,11,14,15,17,18,20,21,22,24,27,28,33,34,37,47
1,2,3,4,5,14,15,19,20,21,22,24,28,31,33,34,37,41,43,44,45,46,47,49
0,1,2,3,5,6,9,14,15,18,19,20,21,22,24,25,27,28,30,33,34,35,36,37,39,40,41,42,43,44,45,46,47,48
0,1,2,4,5,17,20,21,22,24,27,28,33,34,36,37,38,40,41,43,44,45,46,47,48,49
1,2,3,5,6,9,11,14,15,20,21,22,24,28,29,30,31,32,40,41,45,47
1,5,11,14,19,21,22,24,28,29,30,31,32,35,37,38,39,43
0,1,2,4,5,14,20,21,22,24,25,31,34,43,44,48
1,2,3,4,5,6,12,14,15,19,20,21,22,24,27,28,31,32,39,46
0,1,2,3,5,11,12,14,15,16,17,19,20,21,22,24,28,29,30,31,32,34,38,39,40,41,42,43,44,45,46,47,48,49
0,1,2,3,4,5,9,14,15,20,21,22,28,32,34,37,39,45,47,48
0,1,2,3,5,6,9,14,15,18,20,21,22,24,27,31,34,36,37,38,40,48
0,1,4,5,10,11,12,14,17,18,19,20,21,23,24,26,28,31,32,33,37,39,42,43,44,45,46,49
0,1,3,4,5,8,9,12,14,15,17,20,21,24,28,30,31,32,33,37,42,45
0,1,2,3,4,5,6,14,15,16,20,21,22,24,27,28,31,37,40,41,43,45
0,2,5,6,9,14,20,21,22,24,26,28,30,31,32,34,35,37,40,42,44,47
1,2,3,4,5,9,14,15,20,21,22,24,25,27,28,30,31,32,35,37,40,43,46,48
4,5,6,7,11,12,13,14,18,19,20,22,23,24,25,27,28,30,31,32,33,37,38,40,41,42,46,49
0,1,5,6,9,11,16,19,20,21,22,24,28,30,31,32,36,37,40,44,45,48
0,1,2,3,4,5,11,14,19,21,22,24,25,28,29,30,31,32,33,37,38,43,48,49
0,1,2,4,5,6,13,14,16,17,19,20,24,28,31,32,35,37,38,39,44,46,47,49
0,1,2,3,5,6,9,11,14,15,19,20,21,22,24,25,28,30,32,37,40,45,47,48
