1,2,3,11,19,20,21,22,23,24
0,7,11,13,14,15,23,24
0,4,5,9,12,24
0,4,5,8,9,10,12,14,15,17,20,22,23,24
2,3,5,6,7,8,9,10,11,12,13,14,15,16,17,19,20,21,22,23
2,3,4,6,7,15
4,5,7,8,9,11,12,14,15,16,17,18,19,20,21,22,23,24
1,4,5,6,8,9,11,12,15,18,19,24
3,4,6,7,9,12,13,14,15,18,21,22,23,24
2,3,4,6,7,8,12,14,15,16
3,4,12,15,17,24
0,1,4,6,7,12,14,19,20,22
2,3,4,6,7,8,9,10,11,13
1,4,8,12,15,16,17,18,20,22,23,24
1,3,4,6,8,9,11,22
1,3,4,5,6,7,8,9,10,13,17,18,22,24
4,6,9,13,17,18,19,20,21,22,23,24
3,4,6,10,13,15,16,18,21,22,23,24
6,7,8,13,15,16,17,19,20,21,23,24
0,4,6,7,11,16,18,20,23,24
0,3,4,6,11,13,16,18,19,21
0,4,6,8,16,17,18,20,22,24
0,3,4,6,8,11,13,14,15,16,17,21,23,24
0,1,3,4,6,8,13,16,17,18,19,22
0,1,2,3,6,7,8,10,13,15,16,17,18,19,21,22
