1,3,4,5,6,7,8,9,10,11,12,14,15,17,19,21,22,23,24,26,27,30,31,32,33,36,38,39,40,42,43,44,45,46,47,48,49,50,51,52,55,56,58,61
0,2,5,6,7,8,9,10,11,13,15,16,17,19,20,21,22,23,26,27,30,31,32,37,39,40,41,43,44,45,47,48,49,52,53,54,55,56,58,61
1,3,4,5,11,12,13,16,17,18,20,21,22,24,25,26,28,31,34,35,42,43,44,47,48,49,52,53,54,57,58,59,60,61
0,2,4,5,7,10,13,14,16,17,19,21,27,29,31,32,35,40,41,42,44,45,47,48,51,54,56,57,58,59,60,61
0,2,3,6,8,9,10,12,13,14,15,16,19,22,23,24,25,28,30,31,32,33,35,38,39,41,42,43,44,47,48,49,50,51,52,53,54,55,56,59,60,61
0,1,2,3,7,9,10,16,17,19,20,21,24,26,27,30,31,32,33,34,35,36,39,40,41,42,43,47,49,52,56,58,59,61
0,1,4,10,11,12,13,14,16,18,20,26,28,30,31,32,34,35,37,40,43,44,45,48,49,52,53,55,58,59
0,1,3,5,11,12,13,14,15,16,17,18,19,20,21,22,23,25,27,28,30,31,32,33,34,35,36,38,39,40,41,44,46,47,48,49,50,51,52,54,55,57,58,59,60,61
0,1,4,12,35,36,47,49
0,1,4,5,12,13,16,17,20,21,22,27,28,34,35,38,40,42,43,44,46,48,49,50,52,54,55,56,57,59
0,1,3,4,5,6,11,14,15,18,19,20,21,22,25,26,27,29,30,31,32,33,38,39,40,41,42,44,45,46,47,48,49,52,53,54,55,57,58,59,60,61
0,1,2,6,7,10,12,13,14,19,21,25,26,27,29,30,32,35,40,45,47,48,51,55,57,60
0,2,4,6,7,8,9,11,13,18,24,30,36,40,41,43,51,54,55,58,59,61
1,2,3,4,6,7,9,11,12,14,15,16,17,18,19,20,21,22,23,24,25,26,27,28,29,30,31,32,33,34,35,36,37,38,39,40,42,43,44,45,46,47,48,50,51,53,54,55,56,57,58,59,60,61
0,3,4,6,7,10,11,13,15,16,17,18,19,21,22,27,28,29,31,32,33,34,35,36,37,38,39,41,42,43,44,45,50,52,53,54,55,56,57,61
0,1,4,7,10,13,14,16,17,18,19,21,22,23,24,25,27,30,32,34,35,37,40,46,47,49,52,53,56,57,59,61
1,2,3,4,5,6,7,9,13,14,15,17,19,23,25,30,32,35,53,60
0,1,2,3,5,7,9,13,14,15,16,18,19,20,21,22,23,24,25,28,29,30,31,32,33,34,35,36,37,38,39,40,41,42,43,44,45,46,47,48,49,50,51,52,54,55,56,57,58,59,60,61
2,6,7,10,12,13,14,15,17,19,23,27,33,34,39,41,42,43,45,50,58,61
0,1,3,4,5,7,10,11,13,14,15,16,17,18,23,36
1,2,5,6,7,9,10,13,17,22,28,29,30,39,40,41,43,50,51,55,58,61
0,1,2,3,5,7,9,10,11,13,14,15,17,24,30,32,33,46,48,59
0,1,2,4,7,9,10,13,14,15,17,20,28,29,30,31,34,36,43,47,48,51,54,56,58,59,60,61
0,1,4,7,13,15,16,17,18,19,26,27,28,29,30,31,32,33,37,38,39,40,41,44,45,49,50,52,53,54,55,57,58,59,60,61
0,2,4,5,12,13,15,17,21,29,30,38,43,46,53,59
2,4,7,10,11,13,15,16,17,52
0,1,2,5,6,10,11,13,23,29,31,32,33,36,37,39,40,41,42,46,47,50,53,55,56,58,59,60
0,1,3,5,7,9,10,11,13,14,15,18,23,29,32,33,35,36,38,41,42,44,45,46,48,50,51,53,56,59
2,4,6,7,9,13,14,17,20,22,23,29,32,35,36,37,38,39,40,41,42,46,47,48,49,50,51,52,53,54,57,58,60,61
3,10,11,13,14,17,20,22,23,24,26,27,28,30,34,38,39,41,44,48,50,51,52,56,57,58,59,60
0,1,4,5,6,7,10,11,12,13,15,16,17,20,21,22,23,24,29,31,32,33,34,35,36,37,38,40,42,43,46,47,49,50,51,53,54,55,56,57,58,59,60,61
0,1,2,3,4,5,6,7,10,13,14,17,22,23,26,30,32,33,34,35,36,37,38,39,40,41,42,43,44,45,46,47,48,49,50,51,52,53,54,55,56,57,58,59,60,61
0,1,3,4,5,6,7,10,11,13,14,15,16,17,21,23,26,27,28,30,31,34,40,41,44,53,54,55,59,60
0,4,5,7,10,13,14,17,18,21,23,26,27,30,31,37,40,41,43,46,47,59
2,5,6,7,9,13,14,15,17,18,22,29,30,31,32,43
2,3,4,5,6,7,8,9,11,13,14,15,16,17,27,28,30,31,36,40,54,61
0,5,7,8,12,13,14,17,19,22,26,27,28,30,31,35,37,38,40,41,42,43,44,45,47,48,49,50,52,53,54,55,57,58,59,61
1,6,13,14,15,17,23,26,28,30,31,33,36,43
0,4,7,9,10,13,14,17,23,24,27,28,29,30,31,36,39,40,41,42,44,46,47,48,49,50,52,53,54,55,56,57,58,59,60,61
0,1,4,5,7,10,13,14,17,18,20,23,26,28,29,31,38,40,41,43,44,45,46,47,48,49,51,52,53,54,57,58,59,60
0,1,3,5,6,7,9,10,11,12,13,15,17,20,23,26,28,30,31,32,33,35,36,38,39,42,43,44,49,51,54,58,60,61
1,3,4,5,7,10,12,14,17,18,20,23,26,27,28,29,31,32,33,36,38,39,50,60
0,2,3,4,5,9,10,13,14,17,18,26,27,28,30,31,36,38,40,43,44,46,47,48,49,50,51,52,53,55,56,59,60,61
0,1,2,4,5,6,9,12,13,14,17,18,20,22,24,30,31,33,34,36,37,39,40,42,46,49,50,59
0,1,2,3,4,6,7,9,10,13,14,17,23,27,29,31,32,36,38,39,40,42,45,46,47,48,54,61
0,1,3,6,10,11,13,14,17,18,23,27,31,36,39,44,47,51
0,7,9,10,13,15,17,21,24,26,27,28,30,31,33,38,39,42,43,44,47,48,49,50,51,52,54,55,56,57,58,59,60,61
0,1,2,3,4,5,7,8,10,11,13,15,17,22,26,28,30,31,33,36,38,39,42,44,45,46,48,50,54,55,56,59
0,1,2,3,4,6,7,9,10,11,13,17,21,22,27,28,29,31,36,38,39,42,44,46,47,50,51,52,53,54,56,58,60,61
0,1,2,4,5,6,7,8,9,10,15,17,23,28,30,31,36,38,39,40,42,43,46,51,52,56,57,58
0,4,7,9,13,14,17,18,20,23,26,27,28,29,30,31,36,38,41,42,43,46,47,48,53,57,59,60
0,3,4,7,11,12,13,17,20,22,27,28,29,30,31,39,40,42,45,46,48,49,52,53,55,57,58,60
0,1,2,4,5,6,7,9,10,14,15,17,23,25,28,29,31,36,38,39,42,46,48,49,51,54,55,56,57,58,59,60
1,2,4,6,10,13,14,15,16,23,24,26,27,28,30,31,32,36,38,39,42,48,50,51,55,56,57,61
1,2,3,4,7,9,10,12,13,14,17,22,23,28,30,31,32,35,36,38,39,40,44,46,47,48,52,61
0,1,4,6,7,9,10,11,12,13,14,17,20,23,26,30,31,32,36,38,42,46,47,51,52,53,56,57,58,59,60,61
0,1,3,4,5,9,13,14,15,17,22,26,27,29,30,31,38,42,46,47,48,49,52,53,55,57,58,61
2,3,7,9,10,11,13,14,15,17,23,28,29,30,31,36,38,39,46,49,50,51,52,53,55,56,58,59,60,61
0,1,2,3,5,6,7,10,12,13,17,18,20,22,23,26,28,29,30,31,36,38,39,40,46,48,49,51,52,55,56,57,59,60
2,3,4,5,6,7,9,10,12,13,15,17,21,22,23,24,26,27,29,30,31,32,33,36,38,39,42,43,46,47,50,52,55,57,58,60
2,3,4,7,10,11,13,16,17,22,23,26,28,29,30,31,32,38,39,40,41,42,46,48,50,51,52,55,57,58,59,61
0,1,2,3,4,5,7,10,12,13,14,15,17,18,20,22,23,28,30,31,35,36,38,40,42,44,46,48,53,54,55,56,57,60
