1,13,14,21,22,23,29,32
0,7,16,23,30,31
14,27
4,5,6,7,8,16,18,19,21,23,25,26,28,29,30,31
3,5,6,7,8,9,10,11,12,13,16,17,18,19,20,21,22,23,24,25,26,28,31,32
3,4,6,7,8,9,10,11,12,13,14,15,17,18,19,20,21,22,23,24,25,26,27,28,29,30,31,32
3,4,5,14,15,17,21,26
1,3,4,5,8,9,10,11,12,13,14,15,16,17,18,19,20,21,22,23,24,25,28,29,30,32
3,4,5,7,12,14,16,20,22,23
4,5,7,10,11,12,13,14,15,16,17,18,19,20,21,22,24,25,27,28,29,30,31,32
4,5,7,9,11,14,15,17,21,23,25,26,31,32
4,5,7,9,10,12,16,18,28,31
4,5,7,8,9,11,13,14,15,16,18,19,20,21,22,24,25,28,30,32
0,4,5,7,9,12,16,19,27,29
0,2,5,6,7,8,9,10,12,15,16,17,19,20,21,22,23,24,25,26,27,28,29,30,31,32
5,6,7,9,10,12,14,17,19,20,21,22,23,24,25,26,28,30
1,3,4,7,8,9,11,12,13,14,19,22
4,5,6,7,9,10,14,15,18,19,20,21,22,23,26,27,28,29,30,32
3,4,5,7,9,11,12,17,19,20,22,23,24,26,28,29,30,31
3,4,5,7,9,12,13,14,15,16,17,18,21,22,23,25,26,28,30,31
4,5,7,8,9,12,14,15,17,18,21,27
0,3,4,5,6,7,9,10,12,14,15,17,19,20,24,26
0,4,5,7,8,9,12,14,15,16,17,18,19,23,24,25,26,29,30,32
0,1,3,4,5,7,8,10,14,15,17,18,19,22,24,25,26,27,29,32
4,5,7,9,12,14,15,18,21,22,23,25,26,27,28,29,31,32
3,4,5,7,9,10,12,14,15,19,22,23,24,26,28,31
3,4,5,6,10,14,15,17,18,19,21,22,23,24,25,27,30,32
2,5,9,13,14,17,20,23,24,26,31,32
3,4,5,7,9,11,12,14,15,17,18,19,24,25,30,32
0,3,5,7,9,13,14,17,18,22,23,24,31,32
1,3,5,7,9,12,14,15,17,18,19,22,26,28,31,32
1,3,4,5,9,10,11,14,18,19,24,25,27,29,30,32
0,4,5,7,9,10,12,14,17,22,23,24,26,27,28,29,30,31
