2,4,5,8,10,11,14,15,17,18,24,29,32,34,36,40,41,43
2,3,4,5,6,7,8,9,10,11,12,13,14,15,16,18,19,20,22,23,24,25,26,27,28,29,30,31,32,33,35,36,37,38,39,40,41,42,43,44,45,46
0,1,3,4,5,6,7,8,9,10,11,12,13,14,15,16,17,18,19,20,21,23,24,25,26,27,28,29,30,32,33,34,35,36,39,40,41,42,43,44,45,46
1,2,28,35,38,39,42,43
0,1,2,5,7,8,9,12,14,15,16,18,19,20,21,22,23,24,26,30,32,34,35,36,37,38,39,40,41,42,43,44,45,46
0,1,2,4,6,7,10,13,19,20,26,28,29,33,38,39,44,46
1,2,5,7,11,15,16,21,22,23,25,26,27,28,29,30,31,32,33,34,35,36,37,38,39,40,41,42,44,46
1,2,4,5,6,8,10,13,14,16,17,20,22,25,26,28,29,31,32,33,34,36,37,39,40,41,42,43,44,45
0,1,2,4,7,9,11,14,33,36,38,41
1,2,4,8,10,11,12,13,14,16,17,18,19,20,21,22,23,24,25,26,27,28,29,30,31,33,34,35,36,37,39,40,41,42,43,44,45,46
0,1,2,5,7,9,12,13,14,17,19,20,21,24,25,26,27,29,31,32,35,37,39,40,45,46
0,1,2,6,8,9,14,18,20,21,25,28,30,31,34,38,45,46
1,2,4,9,10,14,16,18,20,21,22,23,25,26,27,29,30,32,33,34,35,36,38,39,40,41,42,44
1,2,5,7,9,10,14,15,17,19,20,24,25,29,31,32,33,34,37,40,43,44
0,1,2,4,7,8,9,10,11,12,13,18,26,31
0,1,2,4,6,13,16,17,18,19,20,21,23,24,25,26,27,28,29,30,31,32,33,34,35,36,37,38,39,40,41,42,43,44,45,46
1,2,4,6,7,9,12,15,17,20,21,23,25,26,27,28,34,35,36,37,38,39,40,41,44,45
0,2,7,9,10,13,15,16,18,19,20,21,22,23,24,25,26,27,28,29,30,31,32,33,34,35,36,37,38,39,40,41,42,44,45,46
0,1,2,4,9,11,12,14,15,17,19,21,23,30,31,34,37,38,40,45
1,2,4,5,9,10,13,15,17,18,22,24,26,27,28,29,31,32,36,38,39,41,42,44
1,2,4,5,7,9,10,11,12,13,15,16,17,21,23,24,25,26,27,28,30,31,32,34,36,37,38,39,40,41,42,44,45,46
2,4,6,9,10,11,12,15,16,17,18,20,26,30,31,37,41,45
1,4,6,7,9,12,17,19,23,24,27,28,30,31,32,33,36,41,42,43,44,46
1,2,4,6,9,12,15,16,17,18,20,22,24,29,30,34,35,36,37,38,40,42,44,45
0,1,2,4,9,10,13,15,17,19,20,22,23,31,36,38,39,43
1,2,6,7,9,10,11,12,13,15,16,17,20,27,28,29,31,34,35,36,37,38,39,40,42,43,45,46
1,2,4,5,6,7,9,10,12,14,15,16,17,19,20,21,31,34,35,40,44,45
1,2,6,9,10,12,15,16,17,19,20,22,25,31,32,33,35,36,37,39,40,42,43,46
1,2,3,5,6,7,9,11,15,16,17,19,20,22,25,32,33,34,38,39,44,45
0,1,2,5,6,7,9,10,12,13,15,17,19,23,25,30,31,32,33,35,36,37,38,40,41,42,44,45
1,2,4,6,9,11,12,15,17,18,20,21,22,23,29,31,32,33,36,37,40,42,43,46
1,6,7,9,10,11,13,14,15,17,18,19,20,21,22,24,25,26,27,29,30,44
0,1,2,4,6,7,10,12,13,15,17,19,20,22,27,28,29,30,33,39,40,42,44,46
1,2,5,6,7,8,9,12,13,15,17,22,27,28,29,30,32,36
0,2,4,6,7,9,11,12,13,15,16,17,18,20,23,25,26,28,37,39,41,45
1,2,3,4,6,9,10,12,15,16,17,23,25,26,27,29,36,37,38,40,41,42,45,46
0,1,2,4,6,7,8,9,12,15,16,17,19,20,22,23,24,25,27,29,30,33,35,37,38,39,40,42,43,44,45,46
1,4,6,7,9,10,13,15,16,17,18,20,21,23,25,27,29,30,34,35,36,38,40,41,44,45
1,3,4,5,6,8,11,12,15,16,17,18,19,20,23,24,25,28,29,35,36,37,39,41,42,43,45,46
1,2,3,4,5,6,7,9,10,12,15,16,17,19,20,24,25,27,28,32,34,36,38,43
0,1,2,4,6,7,9,10,12,13,15,16,17,18,20,23,25,26,27,29,30,32,35,36,37,41,42,43,44,46
0,1,2,4,6,7,8,9,12,15,16,17,19,20,21,22,29,34,35,37,38,40,42,44,45,46
1,2,3,4,6,7,9,12,15,17,19,20,22,23,25,27,29,30,32,35,36,38,40,41,44,45
0,1,2,3,4,7,9,13,15,22,24,25,27,30,36,38,39,40,44,46
1,2,4,5,6,7,9,12,13,15,16,17,19,20,22,23,26,28,29,31,32,36,37,40,41,42,43,45
1,2,4,7,9,10,11,15,16,17,18,20,21,23,25,26,28,29,34,35,36,37,38,41,42,44
1,2,4,5,6,9,10,11,15,17,20,22,25,27,30,32,35,36,38,40,41,43
