1,4,6,8,9,10,11,14,15,17,19,23,24,25
0,3,4,5,7,8,10,11,12,13,14,15,16,17,19,20,21,22,23,24,25,26
5,10,11,13,16,17,18,20,21,22,23,24,25,26
1,7
0,1,5,6,7,8,9,10,11,12,13,14,15,16,17,18,19,20,21,22,23,24,25,26
1,2,4,6,10,12,16,17,18,19,21,22,23,24,25,26
0,4,5,13
1,3,4,8,9,13,14,18,19,21,22,25
0,1,4,7,9,10,11,13,14,15,16,17,18,20,21,24,25,26
0,4,7,8,14,19,20,21
0,1,2,4,5,8,13,19
0,1,2,4,8,12,13,14,15,16,17,18,20,21,22,23,24,25
1,4,5,11,15,16,19,20,22,25
1,2,4,6,7,8,10,11,18,22,24,25
0,1,4,7,8,9,11,16,21,26
0,1,4,8,11,12,16,17,18,19,20,22,23,25
1,2,4,5,8,11,12,14,15,26
0,1,2,4,5,8,11,15,18,19,20,21,22,24,25,26
2,4,5,7,8,11,13,15,17,24
0,1,4,5,7,9,10,12,15,17,20,21,22,23,24,25
1,2,4,8,9,11,12,15,17,19,21,22,23,24,25,26
1,2,4,5,7,8,9,11,14,17,19,20,23,26
1,2,4,5,7,11,12,13,15,17,19,20,23,24
0,1,2,4,5,11,15,19,20,21,22,25
0,1,2,4,5,8,11,13,17,18,19,20,22,25
0,1,2,4,5,7,8,11,12,13,15,17,19,20,23,24
1,2,4,5,8,14,16,17,20,21
