1,2,3,5,6,8,9,11,12,16,17,19,20,26,27,29,30,31,33,34
0,2,4,5,7,8,9,12,13,14,15,18,20,21,25,26,28,31,32,35,36,37
0,1,7,11,12,15,17,24,25,26,30,36
0,34
1,5,6,7,8,9,10,11,12,13,14,15,16,18,19,22,23,24,25,26,27,28,29,30,31,32,33,34,35,36,37,38
0,1,4,7,9,11,12,13,17,19,21,23,25,28,29,32,35,38
0,4,7,8,9,11,12,14,15,17,18,19,20,24,25,26,29,32,33,34,36,37
1,2,4,5,6,27
0,1,4,6,11,12,14,15,18,19,20,22,23,25,26,27,28,30,32,33,34,35,37,38
0,1,4,5,6,10,13,15,16,17,19,21,22,23,24,25,26,29,31,32,33,35,37,38
4,9,12,13,14,15,16,17,18,23,27,30,33,35
0,2,4,5,6,8,13,14,15,16,18,19,21,22,23,24,25,26,27,36
0,1,2,4,5,6,8,10,13,14,15,19,20,21,22,23,24,25,26,28,29,31,32,33,34,35,36,38
1,4,5,9,10,11,12,14,16,17,18,19,20,22,23,24,25,26,27,28,29,30,31,32,33,34,35,36,37,38
1,4,6,8,10,11,12,13,15,16,17,18,19,20,21,22,23,24,25,26,27,28,29,30,31,32,33,34,35,36,37,38
1,2,4,6,8,9,10,11,12,14,16,17,18,19,20,21,23,24,25,27,29,30,31,32,33,35,37,38
0,4,9,10,11,13,14,15,18,22,23,24,25,26,31,32,33,34,35,37
0,2,5,6,9,10,13,14,15,38
1,4,6,8,10,11,13,14,15,16,20,21,22,23,24,26,27,28,29,30,31,32,33,35,37,38
0,4,5,6,8,9,11,12,13,14,15,20,21,23,24,26,28,29,30,31,32,33,34,35,36,38
0,1,6,8,12,13,14,15,18,19,22,23,24,25,26,27,28,33,34,35,36,37
1,5,9,11,12,14,15,18,19,22,25,27,30,31
4,8,9,11,12,13,14,16,18,20,21,23,24,25,26,27,28,29,30,31,32,33,34,35,37,38
4,5,8,9,10,11,12,13,14,15,16,18,19,20,22,24,26,27,31,32,33,35,36,37
2,4,6,9,11,12,13,14,15,16,18,19,20,22,23,26,28,29,30,33,34,35,36,38
1,2,4,5,6,8,9,11,12,13,14,15,16,20,21,22,31,37
0,1,2,4,6,8,9,11,12,13,14,16,18,19,20,22,23,24,28,29,31,33
0,4,7,8,10,11,13,14,15,18,20,21,22,23,35,36,37,38
1,4,5,8,12,13,14,18,19,20,22,24,26,33
0,4,5,6,9,12,13,14,15,18,19,22,24,26,30,31,32,33,35,37
0,2,4,8,10,13,14,15,18,19,21,22,24,29,32,34,35,38
0,1,4,9,12,13,14,15,16,18,19,21,22,23,25,26,29,37
1,4,5,6,8,9,12,13,14,15,16,18,19,22,23,29,30,35,36,37
0,4,6,8,9,10,12,13,14,15,16,18,19,20,22,23,24,26,28,29,35,36
0,3,4,6,8,12,13,14,16,19,20,22,24,30,36,37
1,4,5,8,9,10,12,13,14,15,16,18,19,20,22,23,24,27,29,30,32,33,36,37
1,2,4,6,11,12,13,14,19,20,23,24,27,32,33,34,35,37
1,4,6,8,9,13,14,15,16,18,20,22,23,25,27,29,31,32,34,35,36,38
4,5,8,9,12,13,14,15,17,18,19,22,24,27,30,37
