3,4,6,9,22,23
3,8,11,12,15,17,20,23
3,4,6,9,10,12,14,15,16,17,18,19,20,21,22,23
0,1,2,5,9,20
0,2,5,6,8,9,10,12,13,14,15,16,17,18,19,20,21,23
3,4,6,7,8,9,10,11,12,13,14,15,16,17,18,19,20,21,22,23
0,2,4,5,7,8,10,12,13,15,20,22
5,6,15,22
1,4,5,6,9,14,15,23
0,2,3,4,5,8,11,13,16,18,19,22
2,4,5,6,12,13,14,15,16,17,18,19,20,21
1,5,9,12,13,14,15,16,17,19,20,21,22,23
1,2,4,5,6,10,11,13
4,5,6,9,10,11,12,18
2,4,5,8,10,11,15,19,21,23
1,2,4,5,6,7,8,10,11,14,16,17,18,19,20,21,22,23
2,4,5,9,10,11,15,23
1,2,4,5,10,11,15,20
2,4,5,9,10,13,15,20,21,22
2,4,5,9,10,11,14,15,20,21,22,23
1,2,3,4,5,6,10,11,15,17,18,19,21,22
2,4,5,10,11,14,15,18,19,20,22,23
0,2,5,6,7,9,11,15,18,19,20,21
0,1,2,4,5,8,11,14,15,16,19,21
