2,3,4,5,6,7,10,11,12,13,15,16,19,20,21,22,24,27,28,30,32,33,34,35,37,38,39,40,41,42,44,45,46,47
2,3,4,5,6,7,8,9,10,11,12,13,14,15,16,17,18,19,20,21,22,23,24,25,26,27,28,29,30,31,32,33,34,35,36,37,38,39,40,41,42,43,44,45,46,47
0,1,3,5,6,7,8,9,10,12,13,14,17,18,20,23,24,25,27,30,31,32,33,34,35,36,37,38,39,40,43,44,45,46
0,1,2,4,5,7,9,10,12,13,14,15,16,17,18,19,20,21,23,25,26,27,28,30,32,33,34,36,37,38,41,42,43,45,46,47
0,1,3,5,6,8,10,11,12,13,14,15,16,17,18,21,22,23,24,25,26,27,28,29,31,32,34,35,38,41,42,43,46,47
0,1,2,3,4,7,9,10,12,14,16,17,18,20,21,22,23,24,25,26,27,28,29,30,31,32,33,34,35,36,37,38,40,41,42,43,44,45,46,47
0,1,2,4,10,12,16,20,22,24,27,28,33,37,39,40,41,47
0,1,2,3,5,13,15,19,20,22,23,24,28,29,31,32,39,41,43,47
1,2,4,9,10,12,13,14,16,18,19,21,22,23,26,27,28,30,31,32,33,34,35,37,38,39,40,41,44,45,46,47
1,2,3,5,8,10,11,12,13,14,15,16,17,18,21,22,24,26,27,28,29,30,31,32,33,34,35,36,37,38,39,40,42,43,44,46
0,1,2,3,4,5,6,8,9,11,14,23,24,29,30,32,38,46
0,1,4,9,10,24,28,31,34,42,43,45
0,1,2,3,4,5,6,8,9,30
0,1,2,3,4,7,8,9,14,15,16,17,18,19,20,21,22,23,24,25,26,27,28,29,30,31,32,34,35,36,37,38,40,41,42,43,44,45,46,47
1,2,3,4,5,8,9,10,13,15,24,28,29,32,34,43
0,1,3,4,7,9,13,14,18,36
0,1,3,4,5,6,8,9,13,18,19,25,28,32,33,34,40,44,45,46
1,2,3,4,5,9,13,18,19,20,21,22,23,24,25,27,28,29,30,31,33,34,35,36,37,38,39,40,42,43,46,47
1,2,3,4,5,8,9,13,15,16,17,23,25,37,43,46
0,1,3,7,8,13,16,17,21,27,30,45
0,1,2,3,5,6,7,13,17,21,22,24,25,26,27,28,29,30,31,32,34,35,36,37,39,40,41,42,43,44,46,47
0,1,3,4,5,8,9,13,17,19,20,23,26,27,29,32,36,37,40,42,44,46
0,1,4,5,6,7,8,9,13,17,20,23,33,34,42,46
1,2,3,4,5,7,8,10,13,17,18,21,22,24,28,30,31,35,39,40,41,42,44,47
0,1,2,4,5,6,7,9,10,11,13,14,17,20,23,25,28,29,31,33,35,37,40,43,45,47
1,2,3,4,5,13,16,17,18,20,24,37
1,3,4,5,8,9,13,20,21,31,32,33,34,35,37,38,39,40,43,44,45,47
0,1,2,3,4,5,6,8,9,13,17,19,20,21,33,40,41,43,46,47
0,1,3,4,5,6,7,8,9,11,13,14,16,17,20,23,24,30,31,32,33,36,37,41,42,47
1,4,5,7,9,10,13,14,17,20,21,24,36,43,45,47
0,1,2,3,5,8,9,10,12,13,17,19,20,23,28,31,32,34,35,39,40,42,43,44,46,47
1,2,4,5,7,8,9,11,13,17,20,23,24,26,28,30,32,35,40,42,43,44,46,47
0,1,2,3,4,5,7,8,9,10,13,14,16,20,21,26,28,30,31,33,34,35,36,37,39,40,41,42,44,45,46,47
0,1,2,3,5,6,8,9,16,17,22,24,26,27,28,32,39,41,42,45
0,1,2,3,4,5,8,9,11,13,14,16,17,20,22,26,30,32,36,47
0,1,2,4,5,8,9,13,17,20,23,24,26,30,31,32,36,37,40,41,42,43,45,46
1,2,3,5,9,13,15,17,20,21,28,29,32,34,35,38,40,41,42,43
0,1,2,3,5,6,8,9,13,17,18,20,21,24,25,26,28,32,35,38,39,40,41,42,43,46
0,1,2,3,4,5,8,9,10,13,17,26,36,37,40,41,43,44,45,47
0,1,2,6,7,8,9,17,20,23,26,30,32,33,37,40,41,42,43,45,46,47
0,1,2,5,6,8,9,13,16,17,20,21,23,24,26,27,30,31,32,35,36,37,38,39,42,44,45,47
0,1,3,4,5,6,7,8,13,20,23,27,28,32,33,35,36,37,38,39,42,43,44,45,46,47
0,1,3,4,5,9,11,13,17,20,21,22,23,28,30,31,32,33,35,36,37,39,40,41,45,46
1,2,3,4,5,7,9,11,13,14,17,18,20,24,26,27,29,30,31,35,36,37,38,39,41,46
0,1,2,5,8,9,13,16,20,21,23,26,30,31,32,38,40,41,46,47
0,1,2,3,5,8,11,13,16,19,24,26,29,32,33,35,38,39,40,41,42,46
0,1,2,3,4,5,8,9,10,13,16,17,18,20,21,22,27,30,31,32,35,37,39,41,42,43,44,45
0,1,3,4,5,6,7,8,13,17,20,23,24,26,27,28,29,30,31,32,34,38,39,40,41,44
