14,17,20,24,25,44
2,3,4,5,6,7,8,9,10,11,13,14,15,16,17,18,19,20,21,22,23,24,25,26,27,28,29,30,31,32,33,34,35,36,37,38,40,41,42,43,44,45
1,12,21,29
1,4,5,6,7,8,9,11,12,13,14,15,16,17,18,19,20,21,22,23,24,25,26,27,28,29,30,31,32,33,34,35,36,37,38,39,40,41,42,43,44,45
1,3,25,31
1,3,6,8,10,11,13,15,18,19,21,22,23,27,28,30,31,34,37,38,39,41,43,44
1,3,5,7,8,9,10,11,12,14,15,16,17,18,19,20,21,22,24,25,27,29,30,31,32,33,35,36,39,42,44,45
1,3,6,12,13,16,17,21,22,23,24,25,29,30,32,33,34,35,37,38,41,43
1,3,5,6,9,10,11,12,14,17,18,19,23,24,27,30,31,32,33,35,36,38,39,41,42,45
1,3,6,8,10,11,12,13,14,17,18,19,20,21,22,23,25,26,27,28,29,30,31,32,34,35,37,40,42,43,44,45
1,5,6,8,9,11,12,13,14,16,17,18,19,20,21,22,23,24,25,26,27,28,29,30,32,33,35,36,37,38,40,41,42,43
1,3,5,6,8,9,10,12,13,14,15,16,17,18,19,21,22,23,24,25,26,27,28,29,30,31,32,33,34,35,36,37,38,39,40,41,42,43,44,45
2,3,6,7,8,9,10,11,30,32
1,3,5,7,9,10,11,14,17,21,22,24,29,30,32,34,36,37,38,42,43,45
0,1,3,6,8,9,10,11,13,15,17,19,20,22,27,29,35,40,42,44
1,3,5,6,11,14,16,17,19,20,21,22,23,24,25,26,28,30,31,33,34,35,36,37,38,39,40,41,42,43,44,45
1,3,6,7,10,11,15,28
0,1,3,6,7,8,9,10,11,13,14,15,18,19,21,23,24,25,28,29,30,32,35,39,40,41,43,45
1,3,5,6,8,9,10,11,17,22,25,29,32,34
1,3,5,6,8,9,10,11,14,15,17,20,21,23,24,27,28,29,31,32,34,35,37,38,39,40,41,42,43,45
0,1,3,6,9,10,14,15,19,21,22,23,24,25,26,29,30,33,34,36,37,38,40,41,42,43,44,45
1,2,3,5,6,7,9,10,11,13,15,17,19,20,25,27,32,39,42,44
1,3,5,6,7,9,10,11,13,14,15,18,20,25,29,30,35,36
1,3,5,7,8,9,10,11,15,17,19,20,24,25,26,27,28,29,30,31,32,33,34,35,36,37,38,39,40,41,42,43,44,45
0,1,3,6,7,8,10,11,13,15,17,19,20,23,26,28,30,36,43,44
0,1,3,4,6,7,9,10,11,15,17,18,20,21,22,23,33,44
1,3,9,10,11,15,20,23,24,27,31,32,34,38,41,43
1,3,5,6,8,9,10,11,14,19,21,23,26,30,31,32,34,36,37,41,44,45
1,3,5,9,10,11,15,16,17,19,23,24,33,34,35,36,37,38,39,40,41,43
1,2,3,6,7,9,10,11,13,14,17,18,19,20,22,23,33,38,39,41,43,44
1,3,5,6,7,8,9,10,11,12,13,15,17,20,22,23,24,27,32,34,36,39,42,44
1,3,4,5,6,8,9,11,15,19,23,26,27,32,33,34,35,36,37,38,39,40,41,42,44,45
1,3,6,7,8,9,10,11,12,13,17,18,19,21,23,26,27,30,31,33,35,36,37,39,44,45
1,3,6,7,8,10,11,15,20,23,25,28,29,31,32,34,35,39,41,42,43,45
1,3,5,7,9,11,13,15,18,19,20,23,26,27,28,30,31,33,37,40
1,3,6,7,8,9,10,11,14,15,17,19,22,23,28,31,32,33,36,37,39,40,43,44
1,3,6,8,10,11,13,15,20,22,23,24,27,28,30,31,32,35,37,38
1,3,5,7,9,10,11,13,15,19,20,23,27,28,31,32,34,35,36,45
1,3,5,7,8,10,11,13,15,19,20,23,26,28,29,31,36,40
3,5,6,8,11,15,17,19,21,23,28,29,30,31,32,33,35,41,42,43,44,45
1,3,9,10,11,14,15,17,19,20,23,28,31,34,35,38,41,43,44,45
1,3,5,7,8,10,11,15,17,19,20,23,26,27,28,29,31,33,39,40,42,44
1,3,6,8,9,10,11,13,14,15,19,20,21,23,30,31,33,39,41,43
1,3,5,7,9,10,11,13,15,17,19,20,23,24,26,28,29,33,35,39,40,42,44,45
0,1,3,5,6,9,11,14,15,20,21,23,24,25,27,29,30,31,32,35,39,40,41,43
1,3,6,8,9,11,13,15,17,19,20,23,27,31,32,33,37,39,40,43
