3,4,6,8,9,15,17,18
5,8
3,4,7,13,17,19
0,2,4,5,6,9,10,11,12,13,14,15,17,18,19,20
0,2,3,5,9,20
1,3,4,8,9,11,12,13,14,16
0,3,7,11,14,15,16,17,18,19
2,6,8,9,10,16
0,1,5,7,9,10,11,12,13,14,15,16,17,18,19,20
0,3,4,5,7,8,10,17
3,7,8,9,11,12,13,14,15,16,17,18,19,20
3,5,6,8,10,12,13,14,15,19
3,5,8,10,11,13,14,15,16,17,19,20
2,3,5,8,10,11,12,14,17,18
3,5,6,8,10,11,12,13,15,16,17,18,19,20
0,3,6,8,10,11,12,14,18,20
5,6,7,8,10,12,14,17,18,20
0,2,3,6,8,9,10,12,13,14,16,20
0,3,6,8,10,13,14,15,16,19
2,3,6,8,10,11,12,14,18,20
3,4,8,10,12,14,15,16,17,19
