10,30
33,39
4,5,8,11,15,16,17,18,19,21,22,23,25,26,27,28,29,31,32,33,35,36,37,38
4,6,7,14,16,18,23,29,32,34
2,3,6,9,10,12,14,26,27,28,32,33,36,38
2,6,8,12,13,26,28,36
3,4,5,7,8,9,10,11,12,13,14,15,16,17,18,19,20,21,22,23,24,25,26,27,28,29,30,31,33,34,35,36,37,38
3,6,8,10,11,12,14,20,21,22,23,24,26,28,33,34,38,39
2,5,6,7,10,14,17,20,22,23,26,27,28,29,31,33,34,35,36,38
4,6,12,14,16,18,19,21,23,24,28,30,33,37
0,4,6,7,8,11,12,14,16,17,18,19,20,21,24,25,26,28,29,31,32,33,38,39
2,6,7,10,17,22,25,29,30,32,33,34,36,37
4,5,6,7,9,10,13,14,18,21,22,24,26,29,30,35,36,37
5,6,12,14,19,22,23,28,29,31,32,33,35,37
3,4,6,7,8,9,10,12,13,18,21,22,32,37
2,6,16,17,19,20,21,22,23,24,25,27,28,30,33,36,37,38
2,3,6,9,10,15,17,18,19,20,21,22,23,24,25,26,27,30,31,32,35,36,37,39
2,6,8,10,11,15,16,26
2,3,6,9,10,12,14,16,22,28,35,39
2,6,9,10,13,15,16,20,21,22,23,24,25,26,27,28,29,30,31,33,34,35,36,37,38,39
6,7,8,10,15,16,19,24,26,33,34,35,36,37,38,39
2,6,7,9,10,12,14,15,16,19,22,24,25,26,27,28,30,31,32,34,36,37,38,39
2,6,7,8,11,12,13,14,15,16,18,19,21,25,26,27,28,31,33,34,36,37
2,3,6,7,8,9,13,15,16,19,24,26,29,32,37,39
6,7,9,10,12,15,16,19,20,21,23,25,29,30
2,6,10,11,15,16,19,21,22,24,26,27,28,29,30,31,32,34,35,37,38,39
2,4,5,6,7,8,10,12,16,17,19,20,21,22,23,25,27,29,30,31,33,35,36,37,38,39
2,4,6,8,15,16,19,21,22,25,26,35,38,39
2,4,5,6,7,8,9,10,13,15,18,19,21,22,25,31,35,36
2,3,6,8,10,11,12,13,19,23,24,25,26,39
0,6,9,11,12,15,16,19,21,24,25,26,31,32,36,39
2,6,8,10,13,16,19,21,22,25,26,28,30,34,38,39
2,3,4,10,11,13,14,16,21,23,25,30,33,34,35,38
1,2,4,6,7,8,9,10,11,13,15,19,20,22,26,32,35,37
3,6,7,8,11,19,20,21,22,25,31,32,35,39
2,6,8,12,13,16,18,19,20,25,26,27,28,32,33,34,38,39
2,4,5,6,8,11,12,15,16,19,20,21,22,26,28,30,38,39
2,6,9,11,12,13,14,15,16,19,20,21,22,23,25,26,33,39
2,4,6,7,8,10,15,19,20,21,25,26,27,31,32,35,36,39
1,7,10,16,18,19,20,21,23,25,26,27,29,30,31,34,35,36,37,38
