20,21
7,10,15,18
3,6,7,8,9,10,12,15,19,20
2,8,15,22
7,8,9,11,13,17,19,21
7,10,11,14,15,16,17,18,19,20,21,22
2,7,11,12,15,17,18,19,20,22
1,2,4,5,6,8,11,12,13,14,15,17,18,19,20,21
2,3,4,7,15,21
2,4,10,11,12,13,15,16,18,19,20,22
1,2,5,9,13,15,17,18,19,22
4,5,6,7,9,12,14,21
2,6,7,9,11,13,14,15,16,17,19,22
4,7,9,10,12,21
5,7,11,12,15,16,17,18,19,20,21,22
1,2,3,5,6,7,8,9,10,12,14,21
5,9,12,14,17,20,21,22
4,5,6,7,10,12,14,16,18,22
1,5,6,7,9,10,14,17,21,22
2,4,5,6,7,9,10,12,14,22
0,2,5,6,7,9,14,16,21,22
0,4,5,7,8,11,13,14,15,16,18,20
3,5,6,9,10,12,14,16,17,18,19,20
